step E [eV/atom] ke [eV/atom] pe [eV/atom] latparam
100 -4.1941574674704 0.0486897514071861 -4.24284721887759 2.90929549697422
200 -4.17351311412823 0.0584586343867883 -4.23197174851502 2.91537724325926
300 -4.16411967064949 0.062532018719314 -4.22665168936881 2.91805225617055
400 -4.16119527874254 0.0650165601339001 -4.22621183887644 2.91797856040858
500 -4.16129910267882 0.064682525369603 -4.22598162804842 2.91834197121657
600 -4.16122846183835 0.0647813789825132 -4.22600984082086 2.91856296166581
700 -4.16217263794623 0.0648920590597488 -4.22706469700598 2.91768820214968
800 -4.16166192982514 0.0650283426415504 -4.22669027246669 2.91900049566056
900 -4.16056218562853 0.0645387626887388 -4.22510094831727 2.91720724560232
1000 -4.16172493814703 0.0644185917373425 -4.22614352988437 2.91894336005191
1100 -4.16064698272746 0.0653588715469416 -4.2260058542744 2.91804692484106
1200 -4.16025190858549 0.0654349157500035 -4.22568682433549 2.91859223934848
1300 -4.16059656734109 0.0638229584266501 -4.22441952576774 2.91895889963666
1400 -4.15868997876061 0.0662597461393763 -4.22494972489999 2.91911398232059
1500 -4.16029758974753 0.0644282970617697 -4.2247258868093 2.91842664838945
1600 -4.16015363400401 0.065587974226194 -4.2257416082302 2.91952023305493
1700 -4.1593609197278 0.0658863122756673 -4.22524723200347 2.9177019301535
1800 -4.16173524280831 0.0642257783358794 -4.22596102114419 2.91868167719403
1900 -4.16211121518471 0.0638745902511415 -4.22598580543585 2.91809951231406
2000 -4.16183606772495 0.0639141410212418 -4.2257502087462 2.91828635975743
2100 -4.16014899590618 0.0650790073257756 -4.22522800323196 2.91891598630006
2200 -4.15987735900768 0.0652828967041371 -4.22516025571182 2.91848760862524
2300 -4.15918846210091 0.0647834758131709 -4.22397193791408 2.92017535619795
2400 -4.15864376052921 0.0653619020511386 -4.22400566258035 2.91849287565045
2500 -4.15923211512677 0.0650535760420611 -4.22428569116884 2.91968606308521
2600 -4.16154974465756 0.0642696306424361 -4.22581937529999 2.91833811894055
2700 -4.16239566969108 0.0636345207866836 -4.22603019047776 2.91828374521834
2800 -4.16347520751746 0.0626813015130031 -4.22615650903047 2.91812020751445
2900 -4.16202809825588 0.0634407515334156 -4.2254688497893 2.91865524546742
3000 -4.16124477912011 0.0645361005308665 -4.22578087965098 2.9182620480213
3100 -4.16012232612711 0.0644511651339599 -4.22457349126107 2.91923089206798
3200 -4.16124052024708 0.0642822334094639 -4.22552275365654 2.91846617681139
3300 -4.1611644176971 0.0639228828701426 -4.22508730056725 2.91897672569392
3400 -4.1604436500996 0.0649666056806103 -4.22541025578021 2.91845328834613
3500 -4.16040665086889 0.0650309607856761 -4.22543761165456 2.91867669405426
3600 -4.15865156346631 0.0655972132534459 -4.22424877671976 2.91903928671897
3700 -4.15962562566278 0.0655107931749782 -4.22513641883776 2.91896416315629
3800 -4.15948470231271 0.064907497404103 -4.22439219971681 2.91879405439115
3900 -4.16088102178726 0.0655141433292354 -4.22639516511649 2.9182963161404
4000 -4.1588696478598 0.0653926461638877 -4.22426229402369 2.9189548449491
4100 -4.15993639392781 0.0650610077911857 -4.224997401719 2.91927579071043
4200 -4.15864461907126 0.0653513994221995 -4.22399601849346 2.91908325049615
4300 -4.16192394714265 0.0628384717390628 -4.22476241888171 2.91941861021323
4400 -4.1607808992233 0.0653517538663018 -4.2261326530896 2.9178708873098
4500 -4.16120143529172 0.0641008385234895 -4.22530227381521 2.91893350531794
4600 -4.16083025283232 0.0652932271766983 -4.22612348000902 2.91801098273262
4700 -4.16190395579166 0.0638876959951043 -4.22579165178677 2.91902108247188
4800 -4.16168453862486 0.0649033968961683 -4.22658793552103 2.91773731740781
4900 -4.16160647454948 0.0648929313577479 -4.22649940590723 2.91821666834839
5000 -4.16011293515518 0.0648578581864246 -4.22497079334161 2.91843277712329
5100 -4.16122288537812 0.0644341456289512 -4.22565703100707 2.91880800440428
5200 -4.16009927373126 0.0657707972487273 -4.22587007097998 2.91800601948066
5300 -4.16106677582676 0.0645745103326359 -4.2256412861594 2.91901798554334
5400 -4.16186680949196 0.0650686448358192 -4.22693545432778 2.91768832505601
5500 -4.16114929939124 0.0637613454970618 -4.22491064488831 2.91907500051356
5600 -4.16104171405941 0.0649328225089218 -4.22597453656834 2.9181058870161
5700 -4.16099426844779 0.0646221147198923 -4.22561638316769 2.91876459095925
5800 -4.16190296408488 0.0640755835171743 -4.22597854760206 2.91808849929791
5900 -4.16074693767764 0.0642621265860807 -4.22500906426372 2.91926627774804
6000 -4.15977239780719 0.065505779947282 -4.22527817775447 2.91839190055273
6100 -4.16011565442566 0.0647274434467139 -4.22484309787238 2.91978793187257
6200 -4.15958568324614 0.0649869565638111 -4.22457263980995 2.91833905454941
6300 -4.16082894953977 0.0647100786030003 -4.22553902814278 2.91915288980549
6400 -4.16270037927964 0.0644408881967767 -4.22714126747641 2.91744554790896
6500 -4.16119332341796 0.0637128956829512 -4.22490621910091 2.91910432924502
6600 -4.16074050376298 0.0643037781648364 -4.22504428192782 2.9183105039444
6700 -4.16057670914229 0.0640352738091172 -4.22461198295141 2.91967249621264
6800 -4.16053367779191 0.0640022355463121 -4.22453591333822 2.91837577397324
6900 -4.15966049814851 0.065059349103078 -4.22471984725158 2.91929068700782
7000 -4.15988610082063 0.0645507062097683 -4.22443680703039 2.91872467266797
7100 -4.16177335321686 0.064545655681366 -4.22631900889822 2.91866786451715
7200 -4.16015913825837 0.0642402478908827 -4.22439938614925 2.91849184047352
7300 -4.16140519526244 0.0656153730374865 -4.22702056829993 2.91911700245716
7400 -4.16080427643484 0.0643291035554464 -4.22513337999029 2.91813370650918
7500 -4.16092747219442 0.0649366416668215 -4.22586411386124 2.91873985726751
7600 -4.16139453954613 0.0637009214388104 -4.22509546098494 2.91863434064076
7700 -4.16217584012966 0.0641072065138646 -4.22628304664353 2.91869441347923
7800 -4.1611857670299 0.0635088392549157 -4.22469460628481 2.91784577325597
7900 -4.1616221318453 0.0639862962859711 -4.22560842813128 2.91970946375674
8000 -4.1612912442318 0.064767617180319 -4.22605886141212 2.91757014904822
8100 -4.16091843827153 0.0643896449811529 -4.22530808325269 2.9193984319933
8200 -4.16159086239097 0.0632271206172596 -4.22481798300823 2.91802807937986
8300 -4.15992840117864 0.0651006316357459 -4.22502903281439 2.91928652349064
8400 -4.15976506834086 0.0652282660338294 -4.22499333437469 2.91852429817333
8500 -4.15909990201002 0.0650286496609741 -4.22412855167099 2.91960874397375
8600 -4.15860299560616 0.0660693763078856 -4.22467237191404 2.91804031428662
8700 -4.15954697545998 0.0646733764289488 -4.22422035188893 2.92042247389699
8800 -4.16074469695128 0.0650330531036832 -4.22577775005496 2.91770774146744
8900 -4.1608169153046 0.0642097391648449 -4.22502665446944 2.91907311263673
9000 -4.16017232815984 0.0648675164195312 -4.22503984457937 2.91854346399614
9100 -4.1615925415708 0.0646825113547487 -4.22627505292555 2.91859104455242
9200 -4.16109438640239 0.0644868948792291 -4.22558128128162 2.91788372908186
9300 -4.16020663530046 0.065035564955601 -4.22524220025606 2.91969946704529
9400 -4.15836627244968 0.0649440689801902 -4.22331034142987 2.91867750183236
9500 -4.16006197031446 0.0647147287534267 -4.22477669906788 2.91967770849085
9600 -4.1591853004868 0.0654138992388377 -4.22459919972564 2.9181274509024
9700 -4.15960306423331 0.0652935326621954 -4.22489659689551 2.91938553779869
9800 -4.16062895801086 0.0648712096332964 -4.22550016764416 2.91801152631711
9900 -4.15889782028532 0.0656751164659728 -4.22457293675129 2.91917182178114
10000 -4.15976277523646 0.0650395075520229 -4.22480228278849 2.91894304908618
10100 -4.15894848094273 0.0650794355744778 -4.2240279165172 2.91931911752301
10200 -4.15987713112971 0.0649957040431676 -4.22487283517288 2.91839399644426
10300 -4.16057170410802 0.0638413428421074 -4.22441304695013 2.91952420167488
10400 -4.16057960536799 0.0645054627042617 -4.22508506807225 2.91827436408983
10500 -4.16045152754222 0.0645138004267643 -4.22496532796899 2.91912108830543
10600 -4.16249602328246 0.0632932302673622 -4.22578925354982 2.9182204258329
10700 -4.16083259409443 0.0641198233051062 -4.22495241739954 2.91901549318034
10800 -4.16085983696758 0.0652631611967281 -4.22612299816431 2.91818832601863
10900 -4.16090962251811 0.0658284229055593 -4.22673804542367 2.91832445287695
11000 -4.16124107710671 0.0646214659888134 -4.22586254309553 2.91830217505772
11100 -4.16149060308257 0.0640057448979613 -4.22549634798053 2.91874292589545
11200 -4.16098199896196 0.0644556133260928 -4.22543761228805 2.91862334946808
11300 -4.16093477697198 0.0649256975742841 -4.22586047454626 2.91833463771544
11400 -4.15901693207341 0.0655383227670185 -4.22455525484043 2.91896378290115
11500 -4.15940332510452 0.0654731946505948 -4.22487651975512 2.91895377813921
11600 -4.16178558836515 0.0641722554818101 -4.22595784384696 2.91827981628397
11700 -4.15997099630471 0.0641421500981976 -4.22411314640291 2.91927649066212
11800 -4.15873801857293 0.066435889148981 -4.22517390772191 2.91847572347351
11900 -4.15861046262627 0.0655458198804042 -4.22415628250667 2.9193935974145
12000 -4.15796150364156 0.0660257813322962 -4.22398728497385 2.91949463358641
12100 -4.15987480015578 0.0650778274985153 -4.22495262765429 2.91884131776911
12200 -4.15972251219138 0.065148904562822 -4.2248714167542 2.91853101601329
12300 -4.15976858973878 0.0658637540382526 -4.22563234377703 2.91874854885036
12400 -4.16005338162387 0.0644216295849725 -4.22447501120884 2.91842780578149
12500 -4.16086429461135 0.0647822820217043 -4.22564657663306 2.91870962507695
12600 -4.16144475486672 0.0636596071430695 -4.22510436200979 2.91850770453269
12700 -4.16003688267826 0.0655733914568773 -4.22561027413513 2.9183603148706
12800 -4.15966750375732 0.0652702640456527 -4.22493776780298 2.91871495501076
12900 -4.16127115121442 0.0637390468643176 -4.22501019807874 2.91926607050519
13000 -4.16052252131265 0.0643084026417716 -4.22483092395442 2.918656977982
13100 -4.16179508538365 0.0635781214639865 -4.22537320684764 2.91879408668299
13200 -4.16055446507238 0.0651472879967422 -4.22570175306912 2.91822406776673
13300 -4.16220873735159 0.0638744353075424 -4.22608317265913 2.91836960031547
13400 -4.16194699409887 0.0639549470749459 -4.22590194117381 2.91833487941247
13500 -4.15918544767975 0.0657518625508618 -4.22493731023062 2.91888340527126
13600 -4.16023989633088 0.0647627137371958 -4.22500261006808 2.9187890912642
13700 -4.15923820503393 0.0655705726192895 -4.22480877765322 2.91892046725435
13800 -4.1606920798255 0.0649396067530129 -4.22563168657852 2.91842127200942
13900 -4.16156046596822 0.0635210370229618 -4.22508150299118 2.91883410508121
14000 -4.15937876003524 0.0645250250773222 -4.22390378511256 2.91920480031217
14100 -4.15915428869534 0.0657022865283104 -4.22485657522365 2.91932360951807
14200 -4.159693316649 0.0652451195062132 -4.22493843615521 2.91857876292737
14300 -4.16035349459772 0.0642971372354529 -4.22465063183317 2.91912953054696
14400 -4.160220469257 0.0647622308696019 -4.22498270012661 2.9186783801111
14500 -4.16039310465247 0.0649876357972737 -4.22538074044974 2.91896973754728
14600 -4.16038129188479 0.066270185017174 -4.22665147690196 2.91745858081565
14700 -4.16071836555191 0.0644881769874519 -4.22520654253936 2.9193235510864
14800 -4.16152201713468 0.0647153250742413 -4.22623734220892 2.91768480629677
14900 -4.1595090696874 0.065506619376003 -4.22501568906341 2.91938129367254
15000 -4.16074394402537 0.0649449907932152 -4.22568893481859 2.91794116519349
15100 -4.16135967837834 0.0644876078781683 -4.22584728625651 2.91870790091342
15200 -4.16135155710841 0.0646079326561578 -4.22595948976457 2.91746136533263
15300 -4.16230790379493 0.0633552395313937 -4.22566314332632 2.91943146202131
15400 -4.16006517489098 0.0649460851954895 -4.22501126008647 2.91847059869
15500 -4.16021282664431 0.0652448501863989 -4.2254576768307 2.91888915091191
15600 -4.16115100821735 0.0647243272299636 -4.22587533544731 2.91794717930058
15700 -4.16175498764224 0.064037394018802 -4.22579238166104 2.91934399704861
15800 -4.16170528793082 0.0645716742685895 -4.22627696219941 2.91713599407166
15900 -4.16310346266508 0.0632253596618054 -4.22632882232688 2.91870109435542
16000 -4.16054668011613 0.0642679536031537 -4.22481463371929 2.91861163742621
16100 -4.16154406914543 0.0636223739223321 -4.22516644306776 2.91870169811819
16200 -4.16067993171385 0.0660465584826748 -4.22672649019653 2.91760810739173
16300 -4.16104290470008 0.0653890619027784 -4.22643196660285 2.91839318197616
16400 -4.16079502484736 0.0648018404780575 -4.22559686532541 2.9183424362791
16500 -4.16128802907748 0.0641059951770134 -4.2253940242545 2.91876958484455
16600 -4.15955824791372 0.0647064977356925 -4.22426474564942 2.91910823923137
16700 -4.16071082941948 0.0647094185088883 -4.22542024792837 2.91872719649346
16800 -4.1601845025164 0.0640691716294959 -4.2242536741459 2.91906017418882
16900 -4.16151505976272 0.0648934966633757 -4.2264085564261 2.9183162552527
17000 -4.15838070086256 0.0653931063795026 -4.22377380724206 2.91923704594872
17100 -4.1586649195971 0.0659458899648911 -4.22461080956199 2.91901837345218
17200 -4.15991165967949 0.0643183569521294 -4.22423001663162 2.91910839128992
17300 -4.16046041252744 0.0653449944479075 -4.22580540697535 2.91849071404086
17400 -4.15996389060324 0.0654751777101916 -4.22543906831343 2.91851904719253
17500 -4.16002218133512 0.0648926627828369 -4.22491484411796 2.91888511143236
17600 -4.16173671177295 0.0639039752375241 -4.22564068701048 2.91836307681702
17700 -4.16153583690554 0.06490740081351 -4.22644323771905 2.91806000672819
17800 -4.16106735905854 0.0643862029456211 -4.22545356200416 2.91871758364015
17900 -4.16087433915335 0.0641460768308752 -4.22502041598422 2.91870838547929
18000 -4.15988560032485 0.0659657273433362 -4.22585132766819 2.91857828457379
18100 -4.15965308313126 0.0649364457516104 -4.22458952888287 2.9189547618948
18200 -4.16038500517305 0.0652194947255668 -4.22560449989861 2.91860386421782
18300 -4.16085173043798 0.0650823545669068 -4.22593408500489 2.91793933850373
18400 -4.16148238161534 0.0645373746651543 -4.22601975628049 2.91866538465411
18500 -4.16243662851721 0.0636011681892949 -4.22603779670651 2.91810490400917
18600 -4.16260170279007 0.0634892068685683 -4.22609090965864 2.91821923608165
18700 -4.16035971426438 0.064850156103342 -4.22520987036772 2.91872041020848
18800 -4.16046386824814 0.0630083267997862 -4.22347219504793 2.91955696086003
18900 -4.16014585571103 0.0651938718278765 -4.22533972753891 2.919251531911
19000 -4.16062708668484 0.0644626806122387 -4.22508976729708 2.91811527425683
19100 -4.15935365122571 0.0659234130786753 -4.22527706430439 2.91937138092764
19200 -4.16002903013035 0.0642829164815982 -4.22431194661194 2.91849133943256
19300 -4.16068352062264 0.064269781328466 -4.22495330195111 2.91898057592685
19400 -4.15989460661183 0.0652146807638144 -4.22510928737564 2.91859938980445
19500 -4.15938101323624 0.0649578205509315 -4.22433883378717 2.91961626957658
19600 -4.16082639735223 0.0643414395301445 -4.22516783688238 2.91854258019902
19700 -4.15970153777601 0.0640948150106278 -4.22379635278664 2.91964221447719
19800 -4.16014341264538 0.0649317465151131 -4.22507515916049 2.91886481924483
19900 -4.16068739556671 0.06476802066297 -4.22545541622968 2.91867193513335
20000 -4.15987842283442 0.0643863465881503 -4.22426476942257 2.91930101571244
20100 -4.16087787972021 0.0645634218765598 -4.22544130159677 2.91846577448809
20200 -4.16239250111359 0.0649742985474485 -4.22736679966104 2.91788138148825
20300 -4.16140816879061 0.0640119081629334 -4.22542007695354 2.91863752876834
20400 -4.16065244325149 0.0648935239623588 -4.22554596721385 2.91843005333545
20500 -4.16007033873649 0.064661732925776 -4.22473207166226 2.91892159250197
20600 -4.16004487410327 0.0645701033225116 -4.22461497742578 2.91905847359757
20700 -4.16034063888351 0.0649435825506092 -4.22528422143412 2.91872409573894
20800 -4.16106289751474 0.0641640623026119 -4.22522695981735 2.9185944670239
20900 -4.16073878417735 0.0638466994751717 -4.22458548365252 2.91938161049962
21000 -4.15961911470883 0.0657276784011728 -4.22534679311 2.9183326755377
21100 -4.15942755444006 0.0656414884591194 -4.22506904289918 2.91918447811836
21200 -4.16065843536607 0.0646588012909151 -4.22531723665698 2.91846798560535
21300 -4.16297841099603 0.0637868120045615 -4.22676522300059 2.91805486950731
21400 -4.1625349363827 0.063706574356947 -4.22624151073965 2.91802381215604
21500 -4.16112359053176 0.0639951792576413 -4.22511876978941 2.91910548641928
21600 -4.1623068921798 0.0645546687522061 -4.22686156093201 2.9176447703055
21700 -4.16170988133741 0.0649505571275821 -4.22666043846499 2.91793796847452
21800 -4.16107686196083 0.0644017021134464 -4.22547856407428 2.91851344881635
21900 -4.16027118884202 0.0660180240834181 -4.22628921292544 2.91808050267805
22000 -4.16056318410019 0.0647220828947989 -4.22528526699499 2.91929608034828
22100 -4.16041534709532 0.0653421239591548 -4.22575747105447 2.91816299708193
22200 -4.16124495952584 0.063976160044839 -4.22522111957068 2.91889830655736
22300 -4.15996442536758 0.0654916395342525 -4.22545606490184 2.91840195910279
22400 -4.16006950546446 0.0654680534366337 -4.2255375589011 2.91899003484964
22500 -4.16069037326367 0.0647790370533685 -4.22546941031704 2.91830334967537
22600 -4.16109754640038 0.0634730534827836 -4.22457059988316 2.91910017944452
22700 -4.16093119009386 0.0652093692220848 -4.22614055931595 2.91796303497872
22800 -4.15949782488129 0.0652682790216675 -4.22476610390296 2.91953405007797
22900 -4.16029065890093 0.0649207950777452 -4.22521145397867 2.91836052001125
23000 -4.16153381058257 0.0642667397192326 -4.2258005503018 2.9185345980749
23100 -4.15993621486479 0.0650169510520308 -4.22495316591682 2.91882345363726
23200 -4.1592362160754 0.0651570260606698 -4.22439324213607 2.91909724366968
23300 -4.1587447113879 0.0655420796565444 -4.22428679104445 2.91956637857623
23400 -4.16145745844121 0.0637960912407758 -4.22525354968198 2.9181656846511
23500 -4.16100845222515 0.0644851314762226 -4.22549358370138 2.91883972074683
23600 -4.16013318459227 0.0647136155358411 -4.22484680012811 2.91884384811172
23700 -4.1608526245667 0.0648203055861083 -4.2256729301528 2.91867043166455
23800 -4.15985105624884 0.0648367572156898 -4.22468781346453 2.9186688989863
23900 -4.16180303383946 0.0646827353861024 -4.22648576922556 2.91801155722778
24000 -4.16062453710012 0.0661067038586263 -4.22673124095875 2.91777983983663
24100 -4.1613352623401 0.0642451673026101 -4.22558042964271 2.91851468417427
24200 -4.16108037948534 0.0646750461120877 -4.22575542559743 2.91834238851907
24300 -4.16075356574602 0.0647673252046392 -4.22552089095066 2.91865646984897
24400 -4.16100741066556 0.0640155348453062 -4.22502294551087 2.91877667116597
24500 -4.16247327532214 0.0630359335722229 -4.22550920889436 2.91843029924003
24600 -4.16007745483538 0.0657983804074125 -4.22587583524279 2.91819742600504
24700 -4.16092077158673 0.0650559751699182 -4.22597674675665 2.91864737284763
24800 -4.16019349715268 0.0648461923405303 -4.22503968949321 2.91834366796725
24900 -4.16003256084145 0.0649365188813818 -4.22496907972283 2.91961467678341
25000 -4.159186600751 0.0656904839699289 -4.22487708472092 2.91782864267143
25100 -4.16092111914267 0.0644866615109293 -4.2254077806536 2.91889807261699
25200 -4.16015510384331 0.0642852804752129 -4.22444038431852 2.91886025192037
25300 -4.16047229570884 0.0651243253271423 -4.22559662103599 2.91932748457966
25400 -4.15988268110343 0.0650559652627195 -4.22493864636615 2.91815605231518
25500 -4.16135856694506 0.0641609248072225 -4.22551949175228 2.91970091148538
25600 -4.1607192830417 0.0649812159508749 -4.22570049899257 2.91748215338941
25700 -4.16021912270553 0.065141041558515 -4.22536016426404 2.91907464274655
25800 -4.16078936822129 0.064368323405253 -4.22515769162654 2.91821075881141
25900 -4.16051808011932 0.0651246476629901 -4.22564272778231 2.91907215575517
26000 -4.16155647570708 0.0646282670334718 -4.22618474274056 2.91758404792009
26100 -4.15998495203082 0.0643772399683853 -4.2243621919992 2.92001871534837
26200 -4.16123574866211 0.0651055747879999 -4.22634132345011 2.91775124654508
26300 -4.16135250708593 0.0639736569166253 -4.22532616400255 2.91878222236294
26400 -4.15999899095799 0.0661302114604009 -4.22612920241839 2.91760038316002
26500 -4.16050960674603 0.064568747005052 -4.22507835375109 2.91987786755958
26600 -4.16122919637398 0.064063800598576 -4.22529299697255 2.91695639313709
26700 -4.16147655441384 0.0646555657210144 -4.22613212013485 2.91891253285004
26800 -4.16002867616024 0.0650039999599746 -4.22503267612022 2.91839024044053
26900 -4.16071364258369 0.0642440987905862 -4.22495774137427 2.91941020576962
27000 -4.1608043249599 0.0648985265279449 -4.22570285148784 2.91764415538981
27100 -4.16177734560288 0.0647107139116903 -4.22648805951457 2.9194197158691
27200 -4.16169456428949 0.0641523491944809 -4.22584691348397 2.91758322055407
27300 -4.15963887598753 0.0661392665089696 -4.22577814249649 2.91898762778019
27400 -4.16122510201965 0.0653477114241491 -4.22657281344379 2.91732172380317
27500 -4.16112223178838 0.0646421879152637 -4.22576441970364 2.91895658417735
27600 -4.16011835208147 0.0653940025999378 -4.22551235468141 2.91803351020034
27700 -4.16073243981929 0.0641527129538425 -4.22488515277314 2.91901038796571
27800 -4.16140197480888 0.0646681422248024 -4.22607011703368 2.91812541432118
27900 -4.15886132063803 0.0663313560533512 -4.22519267669138 2.91885918833226
28000 -4.16061915961369 0.0637485360048237 -4.22436769561851 2.91851061057396
28100 -4.15953794131512 0.0657067601502904 -4.22524470146541 2.919470024942
28200 -4.15979895740396 0.0648902495169086 -4.22468920692087 2.91833788733366
28300 -4.16058794052116 0.0647368537563648 -4.22532479427753 2.91910390328549
28400 -4.16119170920938 0.0644744804074759 -4.22566618961686 2.9182537047031
28500 -4.16008323865977 0.0646480980964875 -4.22473133675625 2.91888078514241
28600 -4.16019541528914 0.0641487427186702 -4.22434415800781 2.91918116279585
28700 -4.16058240928266 0.0652914021970468 -4.22587381147971 2.91856376995123
28800 -4.16040881351829 0.0645419923965608 -4.22495080591485 2.91884618253474
28900 -4.15980035081798 0.0641534463489226 -4.2239537971669 2.91927733780251
29000 -4.16132365014317 0.0641895839699421 -4.22551323411311 2.91884682043807
29100 -4.16111447377085 0.0648692508702226 -4.22598372464107 2.91781146862689
29200 -4.16185765234077 0.0644483068401659 -4.22630595918093 2.91869170491011
29300 -4.16371336179641 0.0622320737638011 -4.22594543556021 2.91737694082624
29400 -4.1622900073891 0.0635595888690756 -4.22584959625818 2.91890888703368
29500 -4.16186651355483 0.0646288576685702 -4.2264953712234 2.91786566919353
29600 -4.16152068401634 0.0648198815941913 -4.22634056561053 2.91833056461284
29700 -4.16250599823757 0.0640563135980066 -4.22656231183558 2.91791361135461
29800 -4.16098896727333 0.0647307298150371 -4.22571969708837 2.91877417155959
29900 -4.16119531527508 0.0652167039886989 -4.22641201926377 2.91787165464211
30000 -4.15900811292331 0.0648758784892583 -4.22388399141257 2.91980343084118
30100 -4.15964906496508 0.0651193270768616 -4.22476839204195 2.91868607220857
30200 -4.15928034107054 0.065008047872474 -4.22428838894302 2.91914730281488
30300 -4.15941126483571 0.0650046017381573 -4.22441586657387 2.91887507119082
30400 -4.15971182787084 0.0639949605586698 -4.22370678842951 2.91936636744641
30500 -4.16077572905142 0.0635691656563387 -4.22434489470776 2.91884420066596
30600 -4.16265163954452 0.0623763464691701 -4.22502798601369 2.91913133271191
30700 -4.16316432670636 0.0638743396410936 -4.22703866634745 2.91751820018918
30800 -4.16062278571828 0.0647876025633299 -4.22541038828161 2.91902212449982
30900 -4.16079515144058 0.0652549701523398 -4.22605012159292 2.9176836719575
31000 -4.16083091683137 0.0645788062476219 -4.22540972307899 2.91901168647306
31100 -4.15895830788494 0.0648892404567559 -4.22384754834169 2.91894636628828
31200 -4.16139253578704 0.0649013307484894 -4.22629386653553 2.91851537774746
31300 -4.15998796537143 0.0652740115240305 -4.22526197689546 2.91831401036697
31400 -4.1604052095477 0.0645127000815281 -4.22491790962923 2.91916928865942
31500 -4.15962322080848 0.0645833885478597 -4.22420660935634 2.91865645162071
31600 -4.1600474961295 0.0648565399954084 -4.22490403612491 2.91932356053988
31700 -4.15914348341737 0.0656701976001371 -4.22481368101751 2.91825437073184
31800 -4.16073191787409 0.0642113454560633 -4.22494326333016 2.91919813389584
31900 -4.16174489844374 0.0637284466373219 -4.22547334508106 2.91787471222335
32000 -4.16147878910328 0.0637686302763338 -4.22524741937961 2.91919604761949
32100 -4.16170128859909 0.0643119578149864 -4.22601324641408 2.91805401489638
32200 -4.16222355802173 0.0638274222322723 -4.226050980254 2.91855829257123
32300 -4.16123820797333 0.0645017190016342 -4.22573992697496 2.91841064746119
32400 -4.16102078327567 0.0642259133867503 -4.22524669666242 2.91873957430126
32500 -4.16095434038335 0.0650256428751655 -4.22597998325852 2.91797615601445
32600 -4.16023026088456 0.0655188374281991 -4.22574909831276 2.91883466741445
32700 -4.15935112978294 0.0650991497091635 -4.2244502794921 2.9179056049901
32800 -4.16057521997801 0.0654685575103676 -4.22604377748838 2.91942085903961
32900 -4.16130754644961 0.064520759378549 -4.22582830582816 2.91779499312314
33000 -4.15957566811368 0.0638881701816559 -4.22346383829534 2.9199128163681
33100 -4.15915010839589 0.0639591257658734 -4.22310923416176 2.91942764541186
33200 -4.16024243368419 0.065260867361386 -4.22550330104558 2.91903562194043
33300 -4.16125944597279 0.064798610500119 -4.22605805647291 2.91758248500017
33400 -4.16220753778747 0.0642545357182817 -4.22646207350575 2.91892911586833
33500 -4.16336910207924 0.0629695349203771 -4.22633863699961 2.91754708047513
33600 -4.16082274920014 0.0645707655097351 -4.22539351470988 2.91914629988933
33700 -4.16001307327452 0.0657226134314659 -4.22573568670599 2.9179929621311
33800 -4.16181726669257 0.0647114841753946 -4.22652875086797 2.9182876504627
33900 -4.16213908581016 0.0641703518038334 -4.22630943761399 2.91782822480338
34000 -4.16136748743319 0.0641209799423866 -4.22548846737558 2.91904799140005
34100 -4.16021014393833 0.0650854876437625 -4.22529563158209 2.91821872700713
34200 -4.1606391748127 0.0647208137801198 -4.22535998859282 2.918775142011
34300 -4.16128421179412 0.0641082285179729 -4.22539244031209 2.91847093040966
34400 -4.1616236891052 0.064573984764539 -4.22619767386974 2.91837962246959
34500 -4.16085967374976 0.0643715065267403 -4.2252311802765 2.9184923081261
34600 -4.16048646250109 0.064666279268103 -4.2251527417692 2.91894623909672
34700 -4.16003258782194 0.0656529664076458 -4.22568555422958 2.91857623070339
34800 -4.16005398222578 0.0650196020078144 -4.22507358423359 2.91869225714375
34900 -4.1596479866818 0.0647800030146526 -4.22442798969645 2.9189122894312
35000 -4.16039729499359 0.0650442441548637 -4.22544153914845 2.91875654365951
35100 -4.16043466274601 0.0654141850223432 -4.22584884776835 2.91829068716892
35200 -4.16048499679606 0.0652458523002701 -4.22573084909633 2.91850994388438
35300 -4.16147566764152 0.0647308388947309 -4.22620650653625 2.91791045532869
35400 -4.16137557582558 0.0637438372727774 -4.22511941309836 2.91931726303299
35500 -4.16270760388748 0.0639336176303995 -4.22664122151788 2.9171787762517
35600 -4.16110191475822 0.0639951826410067 -4.22509709739922 2.91938489496396
35700 -4.16019789445381 0.0653701299190652 -4.22556802437288 2.91810477266258
35800 -4.15980488344247 0.0646870101731046 -4.22449189361557 2.91946806837748
35900 -4.15990413856296 0.0651564155345746 -4.22506055409753 2.91848703628224
36000 -4.1583996430832 0.0660832629403272 -4.22448290602353 2.91931785430662
36100 -4.15882689942154 0.0656076195112834 -4.22443451893282 2.9182254085703
36200 -4.1592670815037 0.0660588170554382 -4.22532589855914 2.91978386466808
36300 -4.16109061705569 0.0642875177389783 -4.22537813479467 2.91828728261359
36400 -4.16187651716842 0.0647178183774085 -4.22659433554583 2.91836813411756
36500 -4.16019244848059 0.0650147926662647 -4.22520724114685 2.91852665007873
36600 -4.16110030247737 0.0647074866103043 -4.22580778908768 2.91876081673327
36700 -4.16086406247776 0.064700664196117 -4.22556472667388 2.91815161521471
36800 -4.16150134343677 0.064760573662706 -4.22626191709948 2.9189242976494
36900 -4.16123730832703 0.0634686894812687 -4.22470599780829 2.918678181953
37000 -4.16115923392848 0.0646533759373426 -4.22581260986582 2.91868855857656
37100 -4.16118706061601 0.0642809032384364 -4.22546796385445 2.91825800836457
37200 -4.16084085999946 0.0655666356043092 -4.22640749560377 2.9185584863451
37300 -4.159073902372 0.0650019699238271 -4.22407587229583 2.91817875624586
37400 -4.16164939605722 0.0631777982586225 -4.22482719431584 2.92002240393815
37500 -4.16010987656835 0.0647394811271588 -4.22484935769551 2.91830780122624
37600 -4.16122471318953 0.0633597377521003 -4.22458445094163 2.91941715441159
37700 -4.16024649633504 0.0646931296337725 -4.22493962596882 2.91802660624573
37800 -4.16085300718202 0.0642325832905157 -4.22508559047253 2.92022055504634
37900 -4.1600756708318 0.0654347062867295 -4.22551037711853 2.91707621854298
38000 -4.15981948831399 0.0641857024031364 -4.22400519071713 2.91995948612038
38100 -4.16039247994043 0.0656733594117666 -4.2260658393522 2.91782206318409
38200 -4.16071852790156 0.0651692485240471 -4.22588777642561 2.91884221423472
38300 -4.16130397703679 0.0647050944351331 -4.22600907147193 2.91761824598743
38400 -4.16045139489903 0.0643952051334207 -4.22484660003245 2.9200981084528
38500 -4.15983585139582 0.06583691330123 -4.22567276469705 2.91757957678912
38600 -4.16009841151634 0.0655362009815917 -4.22563461249794 2.91888681692229
38700 -4.15902971611018 0.0657405300353826 -4.22477024614556 2.91866982261452
38800 -4.16015001582816 0.064331392263109 -4.22448140809127 2.91946751591597
38900 -4.16115381318381 0.064051604645167 -4.22520541782897 2.9181759562155
39000 -4.16225381576626 0.0642426434083999 -4.22649645917466 2.91891305774737
39100 -4.16086235338813 0.0642477702014001 -4.22511012358953 2.91778332279871
39200 -4.16008045255844 0.0649070065477461 -4.22498745910618 2.91946557837065
39300 -4.15982271159455 0.0647446276442075 -4.22456733923876 2.91845855770186
39400 -4.16040783986675 0.0652806130935517 -4.2256884529603 2.91887466211383
39500 -4.16221236810446 0.0632159064680527 -4.22542827457251 2.91839910936632
39600 -4.16246705954695 0.0635947793902724 -4.22606183893722 2.91867430265713
39700 -4.16051942757872 0.0641553600880749 -4.22467478766679 2.91782560526639
39800 -4.16022151934836 0.0652010111584929 -4.22542253050685 2.91972892123778
39900 -4.15988995384721 0.0659655424100895 -4.2258554962573 2.91772376432687
40000 -4.15959131824449 0.0650165052343288 -4.22460782347882 2.9194009224496
40100 -4.15949702359251 0.0647286028980148 -4.22422562649052 2.91851333559991
40200 -4.16110329307806 0.064177869202832 -4.2252811622809 2.91955364229684
40300 -4.16023653390902 0.0656251963505269 -4.22586173025955 2.91745269513351
40400 -4.16004771624968 0.0651040433179513 -4.22515175956763 2.92013032203613
40500 -4.16087960266378 0.0644368271963457 -4.22531642986012 2.91745725786393
40600 -4.16075738905522 0.0640588339557096 -4.22481622301093 2.91951897107235
40700 -4.16029935536794 0.0644293090774112 -4.22472866444535 2.91850032264517
40800 -4.15826055314475 0.0669666406908738 -4.22522719383562 2.91923258508637
40900 -4.15942665035842 0.0654741171668181 -4.22490076752524 2.9176990909006
41000 -4.16066058763143 0.0646518744470096 -4.22531246207844 2.92002352488863
41100 -4.1605269924647 0.0646628723685082 -4.22518986483321 2.91840027431285
41200 -4.15994643914225 0.0650262385842731 -4.22497267772652 2.91918047992239
41300 -4.15953794568209 0.0649146728086992 -4.22445261849079 2.91853423488105
41400 -4.1605388647809 0.0650189265679543 -4.22555779134886 2.9191357060142
41500 -4.16017946982042 0.0651353160536253 -4.22531478587404 2.9179811481172
41600 -4.15940943972203 0.064654908079925 -4.22406434780196 2.91957182171462
41700 -4.16006717614174 0.0646491403995684 -4.22471631654131 2.91884424197436
41800 -4.161659496121 0.0642497176903751 -4.22590921381138 2.91838455243886
41900 -4.16090289303927 0.0646429570823735 -4.22554585012165 2.91827767615788
42000 -4.16162787096682 0.0642817429417767 -4.22590961390859 2.91863949570844
42100 -4.15799551830379 0.0656675174688599 -4.22366303577265 2.91931801975941
42200 -4.15933510950674 0.0653734095342371 -4.22470851904098 2.91910468162006
42300 -4.15954809595025 0.0647980381580027 -4.22434613410825 2.91907895486739
42400 -4.16011939971669 0.0650183021463075 -4.225137701863 2.91900187963736
42500 -4.16257701481398 0.0643508070175614 -4.22692782183154 2.91773012532073
42600 -4.16130649082589 0.0643785119247925 -4.22568500275068 2.91850608656458
42700 -4.15942246232772 0.0652486961691966 -4.22467115849692 2.91888861684024
42800 -4.15959683806424 0.0656936442630165 -4.22529048232726 2.91903421683463
42900 -4.16111522798424 0.064849688604559 -4.2259649165888 2.91790203066655
43000 -4.16111175636277 0.0646202844780533 -4.22573204084082 2.91905060001395
43100 -4.16086830910872 0.0644290139263878 -4.2252973230351 2.9182063414052
43200 -4.16086609314456 0.064634053530517 -4.22550014667508 2.91915710949974
43300 -4.16043080435096 0.0648257742730091 -4.22525657862397 2.91845503053754
43400 -4.16085831830619 0.0652070553604879 -4.22606537366667 2.91871594281996
43500 -4.16098126550149 0.0660381352250115 -4.2270194007265 2.9178216137393
43600 -4.16119985656925 0.0646631357516563 -4.2258629923209 2.91888856024361
43700 -4.16157274913343 0.0635420821469162 -4.22511483128035 2.91797062267184
43800 -4.16012920658568 0.0647149368086383 -4.22484414339432 2.91995920778122
43900 -4.16110769468597 0.065168312993868 -4.22627600767983 2.9178091609639
44000 -4.16084414138543 0.0651304377593603 -4.22597457914479 2.91885265274627
44100 -4.15983467551564 0.0656733867062354 -4.22550806222188 2.91836297664778
44200 -4.16032155132141 0.0654419842409447 -4.22576353556235 2.91856157107394
44300 -4.16069431480078 0.0644145306792134 -4.22510884547999 2.91818839181528
44400 -4.1609607694194 0.0651302530687073 -4.22609102248811 2.91908263482118
44500 -4.16004084233196 0.0651374599303204 -4.22517830226228 2.91798676356779
44600 -4.15801976792415 0.0665303289341807 -4.22455009685833 2.91978518530297
44700 -4.15979201070101 0.0641846551672413 -4.22397666586825 2.91803332564459
44800 -4.15889073302004 0.0664715788898155 -4.22536231190986 2.91989026894706
44900 -4.1601463880918 0.0640757093565497 -4.22422209744835 2.91861501527367
45000 -4.16169157368643 0.0638370186336464 -4.22552859232007 2.91883779559865
45100 -4.15871118352446 0.0653253363469707 -4.22403651987143 2.91885738345839
45200 -4.16021011814306 0.0653358301533047 -4.22554594829637 2.91920686935151
45300 -4.16111605472302 0.0642123886041138 -4.22532844332713 2.91726958286808
45400 -4.16108535945416 0.0649373049047749 -4.22602266435893 2.91914470331682
45500 -4.16088330711115 0.0647383147864688 -4.22562162189762 2.91796426490243
45600 -4.15986635539045 0.0648936460530515 -4.22476000144351 2.91946283569173
45700 -4.15942230968997 0.0655504158787298 -4.2249727255687 2.9183577782213
45800 -4.16107299859733 0.0631530681655496 -4.22422606676288 2.91999912326685
45900 -4.16061758335816 0.064611041594164 -4.22522862495232 2.91764259937522
46000 -4.15974411564783 0.0643539144939964 -4.22409803014183 2.91960095475729
46100 -4.1603903817038 0.0648124146216523 -4.22520279632545 2.9183528695051
46200 -4.15887639992352 0.0656724205583941 -4.22454882048192 2.91947620869621
46300 -4.16083513383036 0.0644218665360729 -4.22525700036643 2.9177788724935
46400 -4.16128479747614 0.0640677612967118 -4.22535255877285 2.92008171615515
46500 -4.16177977193021 0.065270470214595 -4.2270502421448 2.91706366503413
46600 -4.1622899315917 0.0644465398888548 -4.22673647148056 2.91849046124133
46700 -4.16150694435666 0.0644779803645299 -4.22598492472119 2.91791655960111
46800 -4.16175462895593 0.0642278456582103 -4.22598247461414 2.91851138955893
46900 -4.16011082569105 0.0646339046674853 -4.22474473035854 2.91821949279128
47000 -4.16151020217876 0.0643734416493313 -4.22588364382809 2.91938140164576
47100 -4.16126217422889 0.0645107463272479 -4.22577292055613 2.91744430978339
47200 -4.16065730542638 0.0646637877055387 -4.22532109313192 2.91909949587737
47300 -4.16183806773347 0.0638710730047892 -4.22570914073826 2.91828232877466
47400 -4.16267039109995 0.0643173109882333 -4.22698770208819 2.91773342460777
47500 -4.16148472988024 0.0643495928046199 -4.22583432268486 2.91843884949348
47600 -4.16047922837516 0.0651216413603346 -4.2256008697355 2.9184625951313
47700 -4.16012278752478 0.0651901341254432 -4.22531292165023 2.9186669210887
47800 -4.15881477824371 0.0660942433651097 -4.22490902160882 2.91884094437266
47900 -4.15994886005593 0.0642459079540723 -4.22419476801 2.91918761850704
48000 -4.15957308682777 0.0656170503448961 -4.22519013717267 2.91859427654155
48100 -4.15971692433587 0.0650286692320961 -4.22474559356796 2.91891010902965
48200 -4.15946803332446 0.0656791807089036 -4.22514721403336 2.91857689959805
48300 -4.16188270109221 0.0638211352989971 -4.22570383639121 2.91886656471744
48400 -4.16198536038553 0.063919508981839 -4.22590486936737 2.91806048475748
48500 -4.16211838172696 0.0629805468312794 -4.22509892855823 2.91932316780213
48600 -4.16099989488639 0.0640357276342777 -4.22503562252066 2.91853005004271
48700 -4.16142842211947 0.0640872053078946 -4.22551562742736 2.91853974129198
48800 -4.16142099951629 0.064655087778752 -4.22607608729504 2.9181058488495
48900 -4.16202099354929 0.0631152579598115 -4.2251362515091 2.91886025513362
49000 -4.16119558716697 0.0632314911769589 -4.22442707834393 2.91888481794999
49100 -4.16003151673972 0.063813776884063 -4.22384529362378 2.91975682270443
49200 -4.15929918291037 0.0662124312182115 -4.22551161412858 2.91855382710243
49300 -4.15985757441293 0.0656014048617739 -4.22545897927471 2.91852364660435
49400 -4.16181436416043 0.0633183421174994 -4.22513270627793 2.91898614860829
49500 -4.16165798473402 0.064496491984287 -4.22615447671831 2.91834791186969
49600 -4.16324763825455 0.0628276185733532 -4.2260752568279 2.91828934757182
49700 -4.16260601722977 0.0633401884052425 -4.22594620563501 2.91818274414586
49800 -4.1608074703553 0.0656584294337074 -4.226465899789 2.91817797821546
49900 -4.16059764304567 0.0647328856317649 -4.22533052867744 2.91862978419466
50000 -4.1610645992392 0.064623890953473 -4.22568849019268 2.91837263743103
50100 -4.16021970709648 0.0659217093800744 -4.22614141647655 2.91820342648316
50200 -4.1608828924285 0.0641936305413828 -4.22507652296988 2.91883333061842
50300 -4.16193860610822 0.0637459945422913 -4.22568460065051 2.91838151361522
50400 -4.161436452155 0.0642230275362112 -4.22565947969121 2.91849766623018
50500 -4.16087393303829 0.0643142520879253 -4.22518818512622 2.9187900686198
50600 -4.16248090146363 0.0638529553324251 -4.22633385679606 2.9180717179551
50700 -4.16115987135272 0.0652983324878954 -4.22645820384062 2.91830541853195
50800 -4.16014703366237 0.0657893631994704 -4.22593639686184 2.91838250046218
50900 -4.16181058112817 0.0637399931409111 -4.22555057426908 2.91863564635691
51000 -4.16175496441857 0.0635458738039769 -4.22530083822255 2.91881436174649
51100 -4.16288603647699 0.0631190656321103 -4.2260051021091 2.91840982071506
51200 -4.16037105456394 0.0642595669608481 -4.22463062152479 2.91908984822235
51300 -4.1595666178816 0.0645114172455236 -4.22407803512713 2.91854187162051
51400 -4.1610231791941 0.0639353399676438 -4.22495851916174 2.91932871676053
51500 -4.16071284177914 0.0658433310415494 -4.22655617282069 2.91754969590276
51600 -4.16150584073781 0.0634737962189462 -4.22497963695675 2.91909304056806
51700 -4.16142446255343 0.0646392098331448 -4.22606367238658 2.91818478731587
51800 -4.16008875048201 0.0642778741882575 -4.22436662467026 2.9194656537481
51900 -4.16027811281515 0.0646240960792609 -4.22490220889441 2.91858460036783
52000 -4.15994170985479 0.065209534493892 -4.22515124434868 2.91898108338599
52100 -4.16004798875264 0.0643773764046394 -4.22442536515727 2.91866790825681
52200 -4.16095035598257 0.0641637751140843 -4.22511413109665 2.91948395524667
52300 -4.16016087675199 0.0651682867507144 -4.2253291635027 2.91761181964619
52400 -4.16203365550489 0.0634765547258564 -4.22551021023075 2.91942252024649
52500 -4.16141033114115 0.0639530920690366 -4.22536342321019 2.9180279749252
52600 -4.16053401495809 0.0651378449038748 -4.22567185986197 2.91879451843927
52700 -4.16121753058738 0.0651032647976296 -4.22632079538501 2.91790924252103
52800 -4.16212002953675 0.0634047067589776 -4.22552473629573 2.91895715557036
52900 -4.16011619516681 0.0651354712296098 -4.22525166639642 2.91773322492901
53000 -4.1609380391093 0.0643291660349484 -4.22526720514425 2.91970859703087
53100 -4.16076229176774 0.0642854587245028 -4.22504775049224 2.91784534340278
53200 -4.15902094355444 0.0653153870460425 -4.22433633060049 2.91995772185753
53300 -4.16030370355948 0.0643805783191248 -4.2246842818786 2.9185280613599
53400 -4.16110736893549 0.063972401872884 -4.22507977080837 2.91918276405496
53500 -4.16120797947595 0.0640655646304888 -4.22527354410644 2.91778920832779
53600 -4.16257858977539 0.0638084908353685 -4.22638708061076 2.91931956231822
53700 -4.16021104941281 0.0652617675233835 -4.2254728169362 2.91842564047224
53800 -4.16095469710536 0.0639021950723619 -4.22485689217772 2.9190218734661
53900 -4.15871108213144 0.0653728388582833 -4.22408392098972 2.91906938071558
54000 -4.15973646915692 0.0653410382906235 -4.22507750744754 2.91879478766827
54100 -4.15867914973604 0.0647140385495575 -4.2233931882856 2.91943654771463
54200 -4.15990608987346 0.0659899967048358 -4.2258960865783 2.918760379752
54300 -4.16102315934713 0.0644592469847463 -4.22548240633188 2.91792080813239
54400 -4.16071536998838 0.0645344372692862 -4.22524980725767 2.91947236779227
54500 -4.15994995203228 0.0652267734094228 -4.2251767254417 2.9177338825309
54600 -4.15991140634788 0.0647848458141694 -4.22469625216205 2.91928279636508
54700 -4.16074706305277 0.0638499246588718 -4.22459698771164 2.91905179993495
54800 -4.16078627949964 0.0649945515767734 -4.22578083107641 2.91851398340325
54900 -4.16071298355293 0.0654377994952562 -4.22615078304818 2.91822119231785
55000 -4.16024149196509 0.0646436610685922 -4.22488515303368 2.91885681676537
55100 -4.16197506516859 0.0639347926592386 -4.22590985782783 2.91837123677367
55200 -4.16140828807059 0.0648378013245821 -4.22624608939517 2.9174730542788
55300 -4.15997523243283 0.0652290801667231 -4.22520431259955 2.91950202803456
55400 -4.15898783608811 0.065615361527874 -4.22460319761599 2.91804018948097
55500 -4.1605234838458 0.064877634743304 -4.22540111858911 2.91901158277142
55600 -4.15897867955897 0.0653338998843751 -4.22431257944334 2.91888500957074
55700 -4.16098894504769 0.0644603066203176 -4.22544925166801 2.91873691701942
55800 -4.16012195435794 0.0650098584793659 -4.2251318128373 2.91827052106473
55900 -4.16151205872836 0.0658276597394228 -4.22733971846778 2.91858972596525
56000 -4.16039720067716 0.0651138927755766 -4.22551109345274 2.91798387326097
56100 -4.16005687232539 0.0645807616965508 -4.22463763402194 2.9195966461459
56200 -4.16025171495647 0.0647518255350679 -4.22500354049154 2.91833382733498
56300 -4.16164702631958 0.0651711258641687 -4.22681815218375 2.91824142677953
56400 -4.16082416214896 0.0642764750212805 -4.22510063717024 2.91826367407808
56500 -4.16041212679362 0.0645255399174136 -4.22493766671103 2.91935425537146
56600 -4.16029113259041 0.0637031681922176 -4.22399430078263 2.91860184750425
56700 -4.15993048665987 0.0645129762195922 -4.22444346287947 2.92000398024257
56800 -4.16017030071176 0.0653478210688653 -4.22551812178063 2.91786034170261
56900 -4.16009877367479 0.0655851352814766 -4.22568390895626 2.91868065163751
57000 -4.15985323776351 0.0663767721377921 -4.22623000990131 2.91782945321495
57100 -4.16137868930888 0.0645498759362542 -4.22592856524513 2.91857442138851
57200 -4.15966962817636 0.0650161436545674 -4.22468577183092 2.91818847444688
57300 -4.1597885227652 0.0650657404038821 -4.22485426316909 2.92030014935839
57400 -4.15897681088634 0.0661509931135991 -4.22512780399994 2.91783479798391
57500 -4.16004812023977 0.0650532641117775 -4.22510138435155 2.91920980981098
57600 -4.15979484219998 0.0655494706362 -4.22534431283618 2.91816044437051
57700 -4.16057836391207 0.0646332755513819 -4.22521163946345 2.91934006220873
57800 -4.16112261935925 0.0642870071372187 -4.22540962649647 2.91755970028605
57900 -4.16012818562433 0.0652438507197373 -4.22537203634406 2.9198233434806
58000 -4.15972623065326 0.065531799083216 -4.22525802973647 2.91777025751799
58100 -4.15884413786582 0.0654516422600722 -4.22429578012589 2.91954181473335
58200 -4.16162388278697 0.063403026164204 -4.22502690895117 2.9180659126317
58300 -4.16121066270182 0.0638675574495449 -4.22507822015136 2.91934649417287
58400 -4.1620303153364 0.0635126709037579 -4.22554298624016 2.91697910211824
58500 -4.16183623414343 0.0642951993009366 -4.22613143344437 2.9192388841025
58600 -4.16158569960528 0.064016320399465 -4.22560202000475 2.91787385274431
58700 -4.16130085455779 0.0641663368818899 -4.22546719143968 2.9190484551494
58800 -4.15936613361549 0.0647897164810994 -4.22415585009659 2.91877377725168
58900 -4.15994671797731 0.066052704888351 -4.22599942286566 2.91917294692609
59000 -4.16161670268917 0.0641356982265685 -4.22575240091574 2.91749289420503
59100 -4.16152764248837 0.0643554018924657 -4.22588304438084 2.91976849527003
59200 -4.15890886289503 0.0655312568445959 -4.22444011973963 2.91854205910306
59300 -4.16050066159808 0.0645794207635825 -4.22508008236166 2.91915884877544
59400 -4.16032505414442 0.0655554780821619 -4.22588053222658 2.91801235099134
59500 -4.16078910505588 0.0639527488055093 -4.22474185386139 2.91947854142275
59600 -4.16079980443277 0.0645902063931034 -4.22539001082588 2.91747224916944
59700 -4.1589026401989 0.0658668998285024 -4.22476954002741 2.92002112185455
59800 -4.16002849070447 0.0643947037148859 -4.22442319441936 2.91839147366393
59900 -4.16011031080318 0.0648608587916361 -4.22497116959482 2.91956180922785
60000 -4.15992508113773 0.0649830403575065 -4.22490812149524 2.91815772222164
60100 -4.16092358755296 0.06390713955985 -4.22483072711281 2.92000535086153
60200 -4.16126898331672 0.0645536721027282 -4.22582265541945 2.91716300220688
60300 -4.16117842366916 0.06449957209105 -4.22567799576021 2.91891175204157
60400 -4.1609988915213 0.0639391902768498 -4.22493808179815 2.91861783245616
60500 -4.16014362730226 0.0654384945141797 -4.22558212181644 2.91914562919387
60600 -4.1601077296418 0.0654045716389749 -4.22551230128077 2.91774652363497
60700 -4.15881486635695 0.0653350167709574 -4.22414988312791 2.92049811933165
60800 -4.16118589810013 0.0654388182455821 -4.22662471634571 2.91738873434668
60900 -4.16351489700288 0.0638030160904088 -4.22731791309329 2.9178694526109
61000 -4.16219666809942 0.0631848412373635 -4.22538150933678 2.91822912136253
61100 -4.1604002690266 0.064127089397598 -4.22452735842419 2.91960245141437
61200 -4.16022352155837 0.0650910426480335 -4.2253145642064 2.91734946686155
61300 -4.16110192211665 0.0646038125295352 -4.22570573464619 2.9194699698013
61400 -4.15930178549648 0.0653163668650217 -4.22461815236151 2.91843397163488
61500 -4.15899688920228 0.0653867173568147 -4.22438360655909 2.91953184806534
61600 -4.16049818150407 0.0653581715895256 -4.2258563530936 2.91773197713408
61700 -4.15961430311885 0.0649571294158877 -4.22457143253474 2.92037647953913
61800 -4.15934572650923 0.0653033834600852 -4.22464910996932 2.9181818308376
61900 -4.15986676711482 0.0654507825062773 -4.22531754962109 2.9191258657022
62000 -4.15998070788053 0.0654006956499172 -4.22538140353044 2.91815183277204
62100 -4.16058441651098 0.0643138513616858 -4.22489826787266 2.91939989465796
62200 -4.16013850399043 0.0640971508850582 -4.22423565487549 2.91853280705624
62300 -4.15838798623621 0.065666745685582 -4.2240547319218 2.92023145391245
62400 -4.16079679640476 0.0647145131703816 -4.22551130957514 2.91810563836264
62500 -4.16080897468803 0.0642120369831589 -4.22502101167119 2.91921563639962
62600 -4.16142622458725 0.0642484584151614 -4.22567468300242 2.91829919831521
62700 -4.15982089675831 0.0642833843522586 -4.22410428111057 2.91932789682028
62800 -4.16131278145324 0.0652013591385858 -4.22651414059183 2.91790745863461
62900 -4.15974190644351 0.0641559174320957 -4.22389782387561 2.91936476272185
63000 -4.16121272699335 0.0652676350499557 -4.22648036204331 2.91823901552543
63100 -4.15997259322286 0.0649854507018053 -4.22495804392467 2.91874977966559
63200 -4.15874226463275 0.0652105619848783 -4.22395282661763 2.91937230362656
63300 -4.15913190635531 0.0663258441640523 -4.22545775051936 2.91821905837944
63400 -4.15841510090389 0.0657921070956874 -4.22420720799958 2.91989406130994
63500 -4.16015092615932 0.0641801326641713 -4.22433105882349 2.91873419932341
63600 -4.15995423077949 0.0657007457195271 -4.22565497649901 2.91889589726978
63700 -4.15937308361983 0.0646913176165395 -4.22406440123637 2.9188411687517
63800 -4.15864703426164 0.0654138685092914 -4.22406090277093 2.91943774736289
63900 -4.15945534036766 0.0653479042941615 -4.22480324466182 2.91845787248076
64000 -4.16025302982928 0.0650429827671593 -4.22529601259644 2.91931588831214
64100 -4.16116865500194 0.0643856244515917 -4.22555427945353 2.91816531269747
64200 -4.16167496022403 0.0635495810759628 -4.22522454129999 2.91896294707781
64300 -4.15924515006548 0.0651629892310098 -4.22440813929649 2.91873991880631
64400 -4.15852381503129 0.0669372087676447 -4.22546102379894 2.91883256142959
64500 -4.15986836046795 0.0653532348817524 -4.2252215953497 2.9179726514322
64600 -4.16001045040678 0.0649344759418533 -4.22494492634864 2.91970291213736
64700 -4.16103342603942 0.0652955727453726 -4.22632899878479 2.91755342802876
64800 -4.16171517317475 0.0645973557305762 -4.22631252890533 2.91845628870749
64900 -4.16215248655659 0.0636136309418287 -4.22576611749842 2.91818379761707
65000 -4.16260914353843 0.0636100932489517 -4.22621923678738 2.91871968734516
65100 -4.16219412415233 0.0636779920411661 -4.22587211619349 2.91758847622254
65200 -4.16125462126794 0.0651408685495175 -4.22639548981746 2.9185084719775
65300 -4.16217656085786 0.0640666062389622 -4.22624316709683 2.91793518876681
65400 -4.1614359949036 0.063400204507358 -4.22483619941096 2.91920065971033
65500 -4.16176849954707 0.0644795152666542 -4.22624801481373 2.91783328433456
65600 -4.16174710710357 0.0645997522328945 -4.22634685933646 2.91848910684051
65700 -4.1620244997221 0.0638664313683794 -4.22589093109048 2.91759428073933
65800 -4.16032157093325 0.0654071989963936 -4.22572876992964 2.91889069391501
65900 -4.1611920039547 0.063162391822233 -4.22435439577693 2.91891932999186
66000 -4.15967665425135 0.0648202239167613 -4.22449687816811 2.91934846396937
66100 -4.16151903664172 0.0647786477706665 -4.22629768441239 2.91786203886782
66200 -4.16097167393057 0.0648779400003152 -4.22584961393089 2.91903030461473
66300 -4.16127063843049 0.0646352639153741 -4.22590590234587 2.91743815347059
66400 -4.15955271443881 0.0646290360991233 -4.22418175053794 2.91995993839052
66500 -4.15949894995242 0.0651811985081138 -4.22468014846054 2.91880390316133
66600 -4.15978330335504 0.0648020955782748 -4.22458539893331 2.91914617566833
66700 -4.15975673749322 0.0652413349673732 -4.22499807246059 2.9185632343313
66800 -4.15800868649136 0.0662028748913681 -4.22421156138272 2.91957046875274
66900 -4.15801468359856 0.0659623006600173 -4.22397698425857 2.91875498765986
67000 -4.15946020331929 0.0654583781315353 -4.22491858145082 2.91948084332517
67100 -4.15780848661846 0.0658223023414014 -4.22363078895986 2.91878521575809
67200 -4.15825950276528 0.0653162640530426 -4.22357576681832 2.92028377957986
67300 -4.16110586769261 0.0642880500390778 -4.22539391773169 2.91733980950421
67400 -4.16036852582067 0.0648710357407997 -4.22523956156147 2.91906269381725
67500 -4.16090992090728 0.0649257305276611 -4.22583565143494 2.91808304027493
67600 -4.16071475523093 0.0649876231308702 -4.2257023783618 2.9188185688152
67700 -4.16094118432662 0.064961627302469 -4.22590281162909 2.91815043286156
67800 -4.16104088459748 0.0643165976580123 -4.22535748225549 2.91919222938551
67900 -4.15988223635752 0.0663583887829014 -4.22624062514042 2.91746561226632
68000 -4.16027983443884 0.0639360057993466 -4.22421584023818 2.91964126038717
68100 -4.16027214743098 0.0660640361807353 -4.22633618361171 2.91774679851545
68200 -4.16017001631133 0.0649571441602894 -4.22512716047162 2.91895551098873
68300 -4.15984089358223 0.0652360942065226 -4.22507698778875 2.91858796871001
68400 -4.16029662247978 0.064681750882438 -4.22497837336222 2.91881859913564
68500 -4.1601254860277 0.0648156687965575 -4.22494115482425 2.91906294912478
68600 -4.16018525066775 0.0650075777623355 -4.22519282843008 2.91853728955509
68700 -4.16066816797821 0.0641060410065134 -4.22477420898473 2.91909914597457
68800 -4.15901391110297 0.0647345880209089 -4.22374849912388 2.91932133467317
68900 -4.16136823311139 0.0638029788202382 -4.22517121193163 2.91898753208887
69000 -4.15992990747012 0.0650631368745607 -4.22499304434468 2.91837647445877
69100 -4.16023086132527 0.0645519578333105 -4.22478281915858 2.91926696444105
69200 -4.16145763897768 0.0639790810888703 -4.22543672006655 2.91831169735422
69300 -4.16034656985981 0.0649260811600559 -4.22527265101986 2.9188238100577
69400 -4.16136711095464 0.0635885349720431 -4.22495564592668 2.91857741799848
69500 -4.16060805381144 0.0647500251734973 -4.22535807898494 2.91894491666341
69600 -4.16168343441293 0.0640198727010301 -4.22570330711396 2.91832616421645
69700 -4.16230340328283 0.0644198641399226 -4.22672326742275 2.91811998122486
69800 -4.16320969263161 0.0634862234948461 -4.22669591612646 2.91803189412186
69900 -4.16136183900325 0.0638878848799695 -4.22524972388322 2.91868079937911
70000 -4.16188386673498 0.0645379722353614 -4.22642183897034 2.91842142407068
70100 -4.16135507358681 0.0640912392562681 -4.22544631284308 2.91842892961882
70200 -4.16012553063969 0.065518181958522 -4.22564371259821 2.91846157422571
70300 -4.15920055224073 0.0660677299294932 -4.22526828217022 2.91891552284142
70400 -4.15989793513895 0.0647962472290518 -4.224694182368 2.91887393263662
70500 -4.16037812526454 0.0651221092159558 -4.2255002344805 2.91881655614928
70600 -4.16112310283837 0.063519940353292 -4.22464304319166 2.91901744450977
70700 -4.16076929487407 0.064525884060472 -4.22529517893455 2.91856032531346
70800 -4.16167350973285 0.0636433728476207 -4.22531688258047 2.91851683929335
70900 -4.15906664441129 0.0647615470145717 -4.22382819142586 2.91925077052097
71000 -4.16114987527611 0.0643209250834892 -4.2254708003596 2.91896439133168
71100 -4.161567415229 0.0631854938253434 -4.22475290905434 2.91869186811443
71200 -4.16191289343655 0.0635088846096572 -4.22542177804621 2.91915345989679
71300 -4.16163726985053 0.0638304097804904 -4.22546767963102 2.91828640627264
71400 -4.16277336467578 0.0631820588487041 -4.22595542352448 2.91857051684303
71500 -4.16141094692871 0.0645921370783492 -4.22600308400706 2.91817599913673
71600 -4.16049167495316 0.0650281530062131 -4.22551982795937 2.91860125669465
71700 -4.16058351271515 0.0648678859828091 -4.22545139869796 2.91836881371041
71800 -4.1614324626531 0.0642639051974869 -4.22569636785059 2.91899682068838
71900 -4.15919726075878 0.0653846481740004 -4.22458190893278 2.91840467720828
72000 -4.16002547213078 0.0646066682048814 -4.22463214033566 2.91951597734031
72100 -4.1613247947896 0.0648682477100429 -4.22619304249964 2.91796406683423
72200 -4.16162968755576 0.0642749340642618 -4.22590462162002 2.91889375395716
72300 -4.16109246923559 0.0647226960136746 -4.22581516524927 2.91749607116458
72400 -4.16047732859466 0.0649425545160625 -4.22541988311073 2.91976238380498
72500 -4.16032176452754 0.0651604866504978 -4.22548225117803 2.9182484103173
72600 -4.16084274123213 0.0646569886351608 -4.22549972986729 2.91872451951715
72700 -4.16165898162188 0.0648157464391748 -4.22647472806106 2.91766572585279
72800 -4.16132204138339 0.0647287048242538 -4.22605074620764 2.91914918764073
72900 -4.16112586248536 0.0642219893430698 -4.22534785182843 2.91752938656891
73000 -4.16102464599968 0.0653083518088512 -4.22633299780853 2.91902889760551
73100 -4.16176184570208 0.0638187805521055 -4.22558062625419 2.91781462241688
73200 -4.16040700718504 0.0647774761447753 -4.22518448332982 2.91930424260381
73300 -4.15983230547933 0.0638591786405103 -4.22369148411984 2.91904805684307
73400 -4.16218634059603 0.0640769823121219 -4.22626332290815 2.91822875480816
73500 -4.15943193863417 0.0656718492701387 -4.22510378790431 2.91882401368973
73600 -4.15994051851756 0.0644272966712934 -4.22436781518886 2.91902416910413
73700 -4.16067229686927 0.0644768738863658 -4.22514917075563 2.91899963647727
73800 -4.16123534078638 0.0643872744081994 -4.22562261519458 2.91833568936434
73900 -4.16112991790834 0.0632702543914782 -4.22440017229982 2.9196221099531
74000 -4.16052162535949 0.0647395191167092 -4.2252611444762 2.91786730364861
74100 -4.16170625037344 0.0632182278547499 -4.22492447822819 2.9196766551516
74200 -4.15977734659789 0.065888313534172 -4.22566566013206 2.91787690480823
74300 -4.15924008443012 0.0643727243725964 -4.22361280880271 2.91973741522044
74400 -4.16037595108271 0.0650402616003115 -4.22541621268302 2.91819202396957
74500 -4.16053585389259 0.0651661289223326 -4.22570198281492 2.91937751796519
74600 -4.16033546267408 0.0650276726183482 -4.22536313529243 2.91741899474984
74700 -4.15994239741409 0.0642866739355989 -4.22422907134969 2.92011425198474
74800 -4.15918742870065 0.0653916080729658 -4.22457903677362 2.91835116849741
74900 -4.16108892334378 0.0639121070524458 -4.22500103039622 2.91955436330567
75000 -4.16085721800242 0.0650500160306157 -4.22590723403304 2.91778015181644
75100 -4.1619472628485 0.063348550655934 -4.22529581350444 2.91953343444501
75200 -4.1622180803276 0.0648717435250144 -4.22708982385261 2.91654055978172
75300 -4.16139335382128 0.0644950659621099 -4.22588841978339 2.91881471974984
75400 -4.16024364262426 0.0649051085549426 -4.2251487511792 2.91848289340794
75500 -4.15963191703846 0.06527190156777 -4.22490381860623 2.91893715607877
75600 -4.16075767075916 0.0648329945555412 -4.2255906653147 2.91788528425851
75700 -4.16060243742675 0.0645177955964543 -4.2251202330232 2.91955803493801
75800 -4.15861867725752 0.0661964012371891 -4.22481507849471 2.9182504203232
75900 -4.15880681054373 0.0656357351638197 -4.22444254570755 2.91971400174077
76000 -4.15934059196447 0.0654536922155784 -4.22479428418005 2.91787580862982
76100 -4.16031051429831 0.0649255485884102 -4.22523606288672 2.92035814908805
76200 -4.15923419069308 0.0656404331007924 -4.22487462379387 2.918239174201
76300 -4.16089713942811 0.0638346879482851 -4.22473182737639 2.91943357689694
76400 -4.16082879665632 0.0644686799660921 -4.22529747662242 2.91800131626758
76500 -4.1601529467104 0.0656948467600447 -4.22584779347045 2.91909602903516
76600 -4.15988677029549 0.0650544633748268 -4.22494123367032 2.91759759451777
76700 -4.16073647996947 0.0661915425520245 -4.22692802252149 2.91867422925401
76800 -4.15927016911759 0.0662685261289134 -4.2255386952465 2.91797536383439
76900 -4.16049733061294 0.0645142263548665 -4.2250115569678 2.91922182689274
77000 -4.16100837965901 0.0647510217323892 -4.2257594013914 2.91780379428082
77100 -4.16069846932632 0.06486803842856 -4.22556650775488 2.91907822877378
77200 -4.16124248413138 0.0638250366689512 -4.22506752080033 2.9186306321629
77300 -4.16124332039381 0.0644349078192928 -4.2256782282131 2.91877450971834
77400 -4.16123185820616 0.064344156412645 -4.2255760146188 2.91840764843385
77500 -4.16130492502478 0.0652347877717003 -4.22653971279648 2.91847591719083
77600 -4.16110866496939 0.0644693899037345 -4.22557805487312 2.91775219506888
77700 -4.15976062246362 0.0643239051101916 -4.22408452757381 2.91982664067683
77800 -4.16075350855808 0.0645268648535678 -4.22528037341165 2.91832212227442
77900 -4.16012419038553 0.0641733704931899 -4.22429756087872 2.9194052643622
78000 -4.15938769813353 0.0649200239318147 -4.22430772206535 2.91890816164963
78100 -4.16049912289812 0.0650142649889355 -4.22551338788706 2.91899149484115
78200 -4.15969272263405 0.0654621651184858 -4.22515488775254 2.91799262746275
78300 -4.16036367230464 0.0645053758714626 -4.2248690481761 2.91975719340662
78400 -4.16025482998333 0.0654428031246844 -4.22569763310802 2.91757308491359
78500 -4.16011684195044 0.0644606169526853 -4.22457745890312 2.91936496966166
78600 -4.16072923593251 0.0643038864706008 -4.22503312240312 2.91865532949672
78700 -4.16049263260935 0.0655013428314178 -4.22599397544077 2.91849745825127
78800 -4.16263813367946 0.0631691132787085 -4.22580724695816 2.9177863569178
78900 -4.1614817094666 0.0642658801936079 -4.2257475896602 2.91969142974801
79000 -4.16135243185305 0.0640869584443777 -4.22543939029743 2.91798284376791
79100 -4.15973375315828 0.0653203472996589 -4.22505410045794 2.91925416286897
79200 -4.15990518026941 0.0641922853248729 -4.22409746559429 2.91890061453651
79300 -4.15981101624459 0.0642492544607183 -4.22406027070531 2.91971727961591
79400 -4.16044915747761 0.0643919337678728 -4.22484109124548 2.9178481043965
79500 -4.16029978187553 0.0638074886072073 -4.22410727048274 2.92018250817524
79600 -4.1603681457296 0.064279618030066 -4.22464776375967 2.91840987412199
79700 -4.16106453055109 0.0647430472413485 -4.22580757779244 2.91828582229896
79800 -4.16140011385269 0.064317361362528 -4.22571747521521 2.91803317650413
79900 -4.16188368525706 0.0642948726573304 -4.22617855791439 2.9190545701274
80000 -4.1622168469323 0.0645553511161825 -4.22677219804848 2.91725425517705
80100 -4.16214140671068 0.0636132698881374 -4.22575467659881 2.91884689667925
80200 -4.16113888014878 0.0645028068779785 -4.22564168702676 2.91803671680089
80300 -4.16139236267366 0.0651225049250428 -4.2265148675987 2.91823572426471
80400 -4.1613525213704 0.0643656300844063 -4.2257181514548 2.91846162678368
80500 -4.1598332246627 0.0658770237181113 -4.22571024838081 2.91878491376779
80600 -4.16001456222846 0.0652028907323961 -4.22521745296086 2.91782766454779
80700 -4.16064984328099 0.0655764011478115 -4.2262262444288 2.91895143833935
80800 -4.16160112951188 0.0641887001351102 -4.22578982964699 2.91794123758942
80900 -4.16131293356227 0.0645513178457656 -4.22586425140804 2.91891739851752
81000 -4.16099710463475 0.0646636748063581 -4.2256607794411 2.91825088793368
81100 -4.16059612006446 0.0651306878588328 -4.2257268079233 2.91882603434364
81200 -4.16135142982678 0.0650008144863138 -4.2263522443131 2.91793108537453
81300 -4.1612963606157 0.06407697524464 -4.22537333586034 2.91928748848996
81400 -4.16160200596963 0.0640531435174384 -4.22565514948707 2.91759872441748
81500 -4.16172526917456 0.0646559942532674 -4.22638126342783 2.91886357497406
81600 -4.16183065507774 0.0644971413470398 -4.22632779642478 2.91782559615032
81700 -4.16206713366099 0.0643554815792776 -4.22642261524026 2.91859976236942
81800 -4.16192529218354 0.0651627665259637 -4.2270880587095 2.91743087459079
81900 -4.16052020451366 0.0646114696249267 -4.22513167413859 2.91921823974186
82000 -4.16068097502122 0.0646829417736278 -4.22536391679484 2.91767441627698
82100 -4.1618359673488 0.0649079955607906 -4.22674396290959 2.91883703262129
82200 -4.16113147723249 0.0647422903193439 -4.22587376755184 2.91778985224823
82300 -4.1606219627631 0.0657265886859679 -4.22634855144906 2.91867104698652
82400 -4.15948209870644 0.0654564838710414 -4.22493858257748 2.91834293994273
82500 -4.15965128336534 0.0647818467465315 -4.22443313011187 2.92044759999078
82600 -4.16040277837732 0.0655754902209596 -4.22597826859828 2.91736458167528
82700 -4.15945453848599 0.0642544721560262 -4.22370901064202 2.92006284783092
82800 -4.15764834628159 0.0664828185688529 -4.22413116485044 2.91876654596818
82900 -4.15926210250142 0.0655820331198899 -4.22484413562131 2.91925082405476
83000 -4.16047116660213 0.0640397516891814 -4.22451091829131 2.91876439443114
83100 -4.15861334128133 0.0657925766574297 -4.22440591793876 2.91955222990122
83200 -4.15979301762039 0.0652202678937489 -4.22501328551414 2.91790758612724
83300 -4.16028789080782 0.0649057152822857 -4.2251936060901 2.91988222414257
83400 -4.15997367387119 0.0649920560547171 -4.22496572992591 2.91851174076514
83500 -4.16022786352451 0.0653405911199252 -4.22556845464444 2.918567756872
83600 -4.16118542381386 0.0641390805208898 -4.22532450433475 2.91860476115119
83700 -4.16173094653082 0.0646439878019549 -4.22637493433278 2.91823358918086
83800 -4.15898788598685 0.0660134709082641 -4.22500135689512 2.9186142217819
83900 -4.15891859348305 0.0640178244383542 -4.2229364179214 2.92016314995727
84000 -4.15998949526606 0.0660770880705987 -4.22606658333666 2.91792949149153
84100 -4.16117225680892 0.0644724922414465 -4.22564474905036 2.91873973943311
84200 -4.1586283235474 0.0656265643870185 -4.22425488793442 2.91895359724828
84300 -4.15910220588923 0.0665385789286845 -4.22564078481792 2.91877298946662
84400 -4.16159465485164 0.0643084656124949 -4.22590312046413 2.91787824928978
84500 -4.16136180256955 0.0644164946953434 -4.22577829726489 2.91870448286073
84600 -4.16124386892994 0.0642884861174937 -4.22553235504743 2.91839121863066
84700 -4.16127455361649 0.064824846839243 -4.22609940045574 2.91858873184306
84800 -4.16045199152178 0.0638701311827891 -4.22432212270457 2.91898518453638
84900 -4.16155303351151 0.0642429863888003 -4.22579601990031 2.91877326553042
85000 -4.15998977320708 0.0656401508166402 -4.22562992402372 2.91792434167692
85100 -4.16073287088071 0.0646177471760453 -4.22535061805675 2.91909084215048
85200 -4.16138183251809 0.0644300962080499 -4.22581192872614 2.91814823938259
85300 -4.16059645743465 0.0639611455470259 -4.22455760298168 2.91924843366884
85400 -4.1614583712758 0.0639851077913454 -4.22544347906714 2.91805401035606
85500 -4.16186951914517 0.0650150686403366 -4.2268845877855 2.91930083508347
85600 -4.16252602635419 0.0639294208003706 -4.22645544715456 2.91749827783706
85700 -4.16094449130155 0.064544290752891 -4.22548878205444 2.91905593001853
85800 -4.15995287386222 0.065651460635733 -4.22560433449795 2.9182975443415
85900 -4.16034334226053 0.0650994863228523 -4.22544282858338 2.91859031770875
86000 -4.1615299654614 0.0641652065733827 -4.22569517203478 2.91787895433179
86100 -4.15943887143457 0.0647185738575235 -4.22415744529209 2.92006136550472
86200 -4.16001185610603 0.0646709056999306 -4.22468276180596 2.9186513357898
86300 -4.15946367608796 0.0652494853044941 -4.22471316139245 2.91927041812446
86400 -4.1620160189979 0.0630912618481196 -4.22510728084602 2.91862025092653
86500 -4.16204697696923 0.0647030487661632 -4.2267500257354 2.91844748231313
86600 -4.16117480331985 0.0638214981079087 -4.22499630142775 2.91843995390954
86700 -4.16045836959254 0.0640510716933317 -4.22450944128587 2.91948713827643
86800 -4.16138431363253 0.0636960723182911 -4.22508038595082 2.91864668375561
86900 -4.16118414912223 0.0651762692948194 -4.22636041841705 2.91831562503458
87000 -4.16052112696149 0.0644458738165816 -4.22496700077807 2.91896996775624
87100 -4.16084881098228 0.0639833855295102 -4.22483219651179 2.91890615902017
87200 -4.15951595194419 0.0651102518182854 -4.22462620376248 2.91861820374567
87300 -4.15802608607654 0.0658362561216905 -4.22386234219823 2.91937488622804
87400 -4.16036282561239 0.0653306358980283 -4.22569346151042 2.91848703461267
87500 -4.1598890259878 0.0655472554043663 -4.22543628139216 2.91846602368092
87600 -4.16079031312587 0.0642458865268067 -4.22503619965267 2.918890028535
87700 -4.16037382032789 0.064386225345432 -4.22476004567333 2.91891115991609
87800 -4.16098119701743 0.0633554365986778 -4.22433663361611 2.9192443521753
87900 -4.15984850222381 0.0666084572150541 -4.22645695943887 2.91784651716846
88000 -4.1604926932042 0.064843375359107 -4.22533606856331 2.91852384230195
88100 -4.15938777442997 0.0650281516169064 -4.22441592604688 2.91895540425523
88200 -4.15898027383215 0.0657381974280845 -4.22471847126024 2.91901189559512
88300 -4.15954296388254 0.0661849689878924 -4.22572793287043 2.91827739616495
88400 -4.15939761287867 0.0666285615437187 -4.22602617442238 2.91887067085513
88500 -4.16060311018823 0.0650395607247957 -4.22564267091302 2.91820389552684
88600 -4.16101316109591 0.0651020572491527 -4.22611521834506 2.91833151646499
88700 -4.1600773026261 0.0656584286485152 -4.22573573127461 2.91827580577235
88800 -4.1621745959121 0.0642294770612918 -4.22640407297339 2.91843726634665
88900 -4.16037335062497 0.064081536575344 -4.22445488720031 2.9185670599748
89000 -4.15999241177141 0.0644401712022276 -4.22443258297364 2.91969712759917
89100 -4.16086847314633 0.0643750690087247 -4.22524354215505 2.91849549943836
89200 -4.16119552766669 0.0628307722655914 -4.22402629993228 2.91940010291359
89300 -4.16077306318525 0.0642220220465368 -4.22499508523179 2.91869332176648
89400 -4.16079959490639 0.065097939810294 -4.22589753471668 2.91866152814038
89500 -4.16129128533235 0.0643496676018877 -4.22564095293423 2.91789122741973
89600 -4.16160749798715 0.0641231779681954 -4.22573067595534 2.91923572100465
89700 -4.16183944695771 0.0639180359152291 -4.22575748287294 2.91806283939281
89800 -4.16175617104002 0.0640343447705537 -4.22579051581058 2.91886851373389
89900 -4.16317730476167 0.0638991747713284 -4.227076479533 2.91734713440486
90000 -4.16180989650448 0.0638157195001543 -4.22562561600464 2.91848468792498
90100 -4.16093364444304 0.0640682469310776 -4.22500189137411 2.91875796628418
90200 -4.16279310955679 0.063975921050821 -4.22676903060761 2.91808944498692
90300 -4.16408381282743 0.0629038571594168 -4.22698766998684 2.91725125085263
90400 -4.16078475716607 0.0644544962750926 -4.22523925344116 2.91947404330111
90500 -4.16154415356526 0.0643579672327324 -4.225902120798 2.91777078111237
90600 -4.16070753057068 0.0651035412462756 -4.22581107181696 2.91887379013604
90700 -4.16100761409745 0.0644872420430933 -4.22549485614055 2.91834552182273
90800 -4.16083816247166 0.0635231485810924 -4.22436131105275 2.91941318240332
90900 -4.16110110524439 0.0643797664434157 -4.22548087168781 2.91817852159705
91000 -4.16096978352233 0.0644275310914363 -4.22539731461376 2.91911925142384
91100 -4.16111181729944 0.0644539437873205 -4.22556576108676 2.91810939794737
91200 -4.16080965904675 0.065165760277291 -4.22597541932404 2.91867182490706
91300 -4.16038160460975 0.0647686237243773 -4.22515022833413 2.91847966741155
91400 -4.15810538474933 0.0660914762888506 -4.22419686103818 2.91960862294795
91500 -4.16071942518464 0.0653779699831031 -4.22609739516774 2.91761830518875
91600 -4.15982275544625 0.0654859502377591 -4.225308705684 2.91943406394405
91700 -4.1598188321319 0.0654102619785408 -4.22522909411044 2.91805989099814
91800 -4.15846661190437 0.0654630319522636 -4.22392964385663 2.91967745246201
91900 -4.15948574952737 0.0650519435923748 -4.22453769311975 2.91864901398215
92000 -4.16115158808192 0.063734845698521 -4.22488643378044 2.91933384272234
92100 -4.16073608161577 0.0658081980810033 -4.22654427969677 2.91742009879041
92200 -4.16177597905024 0.064001499912054 -4.2257774789623 2.91915917393754
92300 -4.16085734242249 0.0642594615278872 -4.22511680395038 2.9179127106312
92400 -4.16036938223247 0.0648188769085944 -4.22518825914107 2.9193004652204
92500 -4.16043158943139 0.0646470443734849 -4.22507863380488 2.91836191242366
92600 -4.16052813071644 0.0641849058649795 -4.22471303658142 2.91925954791797
92700 -4.1603773651333 0.0650163259602092 -4.22539369109351 2.91829693151904
92800 -4.16132006010909 0.0640779323314328 -4.22539799244053 2.91885537848229
92900 -4.16058946012747 0.0646361651995777 -4.22522562532705 2.91844924831584
93000 -4.15967919828704 0.0649803425112999 -4.22465954079834 2.91899582056851
93100 -4.1600774964501 0.0650319380760972 -4.22510943452619 2.91857490631152
93200 -4.15968843492221 0.0649935605474187 -4.22468199546963 2.91926916963952
93300 -4.1607621384407 0.0648724620788386 -4.22563460051953 2.91791677855976
93400 -4.16155272313283 0.0641229282954482 -4.22567565142828 2.91948251466086
93500 -4.15987748531069 0.0648951777914458 -4.22477266310214 2.91821104838398
93600 -4.16052334889601 0.0641677264070048 -4.22469107530302 2.91907766229709
93700 -4.16003606473262 0.0652719379106277 -4.22530800264325 2.91822059691446
93800 -4.1598161343192 0.0651959933943026 -4.2250121277135 2.91929643041516
93900 -4.16085038244236 0.064669204081906 -4.22551958652427 2.91793029925431
94000 -4.16037089674789 0.0639023146505457 -4.22427321139844 2.91944493291373
94100 -4.15981173685297 0.0648813515030951 -4.22469308835606 2.91880313179805
94200 -4.16126052471791 0.0651891873302835 -4.2264497120482 2.91809434465003
94300 -4.16114446407436 0.0638137334775229 -4.22495819755188 2.91854812113852
94400 -4.1617581942544 0.0635807042281545 -4.22533889848255 2.91891974413741
94500 -4.16168395569797 0.0640643324763134 -4.22574828817428 2.91776706092416
94600 -4.1616598173041 0.0646630135073221 -4.22632283081142 2.91857120683341
94700 -4.16095430526981 0.0645935463368257 -4.22554785160664 2.91817562090531
94800 -4.16159916355114 0.0645817934106782 -4.22618095696182 2.91841417427349
94900 -4.16160606771264 0.0633916716389033 -4.22499773935155 2.91881078355161
95000 -4.16146329529219 0.0657460154424092 -4.2272093107346 2.9178274246357
95100 -4.16075501930206 0.0647748901140572 -4.22552990941612 2.91857359735423
95200 -4.16064852715086 0.064386446047222 -4.22503497319808 2.91891483714264
95300 -4.15967565949128 0.0657742502076544 -4.22544990969894 2.9183221023484
95400 -4.16170415888067 0.0646983781613998 -4.22640253704207 2.91837579986118
95500 -4.16137240277719 0.0637589391425201 -4.22513134191971 2.91881642888942
95600 -4.16126854095144 0.0651572876094795 -4.22642582856092 2.91787663044537
95700 -4.16185401905722 0.0643043157099678 -4.22615833476719 2.91843458751791
95800 -4.16073055534071 0.0654189152172192 -4.22614947055792 2.91813676705847
95900 -4.16209962111099 0.0633093373472253 -4.22540895845821 2.91881208349512
96000 -4.16185578187447 0.0642954500420201 -4.22615123191649 2.91791365600388
96100 -4.16160940566504 0.0634176749303433 -4.22502708059538 2.9190951164668
96200 -4.16141174665515 0.0645835898286287 -4.22599533648378 2.91786797021401
96300 -4.16122171123697 0.0645358571560783 -4.22575756839305 2.91936364612714
96400 -4.16026042123582 0.0640758219283121 -4.22433624316413 2.91845503408308
96500 -4.16108897519907 0.0646786643016811 -4.22576763950075 2.91874958616661
96600 -4.16088529370533 0.0652695820416218 -4.22615487574695 2.91783908816587
96700 -4.15957325854753 0.0647211506072994 -4.22429440915483 2.91960135621033
96800 -4.1600397386491 0.0649178120288971 -4.22495755067799 2.91808793394943
96900 -4.15989719702656 0.0649832769344646 -4.22488047396102 2.91982602551802
97000 -4.15982490908318 0.0650841014274991 -4.22490901051068 2.91838616617473
97100 -4.15948626612196 0.0650003988923833 -4.22448666501434 2.91942136482373
97200 -4.15885580345688 0.066180129867407 -4.22503593332429 2.91847320288053
97300 -4.16088312561332 0.0649764221743523 -4.22585954778767 2.91848773381055
97400 -4.15900699141852 0.0647030096916715 -4.22371000111019 2.9190478103313
97500 -4.16052772832561 0.0647764573020709 -4.22530418562768 2.91885468977586
97600 -4.16039655771851 0.0646687874209754 -4.22506534513949 2.9186449555253
97700 -4.16173268482799 0.0643903124537557 -4.22612299728175 2.91824099515946
97800 -4.16230534396202 0.0642088997030907 -4.22651424366511 2.91789998976062
97900 -4.16123541371856 0.0640989905786848 -4.22533440429724 2.91887487441744
98000 -4.16045231194077 0.0648071817688226 -4.22525949370959 2.91853319427988
98100 -4.15850852415725 0.0650220411019099 -4.22353056525916 2.91969649857193
98200 -4.15760591072944 0.0647490375861459 -4.22235494831559 2.9200984325072
98300 -4.16082504714772 0.0647062663187661 -4.22553131346648 2.9183554277475
98400 -4.16088114411786 0.0641163529069979 -4.22499749702485 2.9188504019465
98500 -4.15843929589889 0.0650860300882411 -4.22352532598713 2.9192607863291
98600 -4.15852141179145 0.0658886276800157 -4.22441003947146 2.91921068702718
98700 -4.15948513201776 0.0647949355929073 -4.22428006761067 2.91893268891222
98800 -4.16048559141185 0.0645566168263957 -4.22504220823825 2.91893067248593
98900 -4.16003818680448 0.0655344400868705 -4.22557262689136 2.91854847946595
99000 -4.15960598488195 0.064492942020944 -4.22409892690289 2.91912774744065
99100 -4.15982335219909 0.0643332784884565 -4.22415663068755 2.91919065932515
99200 -4.16221632469401 0.0645047687551728 -4.22672109344918 2.9179742343403
99300 -4.1616740126009 0.0642381186363391 -4.22591213123724 2.91834400402852
99400 -4.16043596993449 0.0650398205767613 -4.22547579051125 2.91865681953368
99500 -4.16137726591073 0.0650634474034554 -4.22644071331418 2.91788656784298
99600 -4.16128231260782 0.0643271386258746 -4.22560945123369 2.9186328366557
99700 -4.16277612149113 0.0635860442016919 -4.22636216569282 2.91801441971328
99800 -4.1618222003378 0.064334097576953 -4.22615629791475 2.91843542720117
99900 -4.163580411598 0.0635053242225542 -4.22708573582056 2.91774885891241
100000 -4.16213404468468 0.0643647262834512 -4.22649877096813 2.91787920638023
