step E [eV/atom] ke [eV/atom] pe [eV/atom] latparam
100 -4.1751636547727 0.0581517168457523 -4.23331537161845 2.91431450728572
200 -4.1503593242071 0.06990525876058 -4.22026458296768 2.92137673184201
300 -4.13901084172489 0.0754492109839308 -4.21446005270882 2.92399674552655
400 -4.13541380838039 0.0760811060645043 -4.2114949144449 2.92517492139764
500 -4.135047775346 0.0772934937016909 -4.21234126904769 2.92487669355569
600 -4.13545062587274 0.0767523324395828 -4.21220295831232 2.92465228010744
700 -4.13526095282141 0.0768183028069213 -4.21207925562833 2.92459490604029
800 -4.13478494336186 0.0777026905929277 -4.21248763395479 2.92419282478591
900 -4.13525107616761 0.0765067196663607 -4.21175779583397 2.92422549074974
1000 -4.13637506251733 0.0767446727382067 -4.21311973525554 2.92438833205318
1100 -4.13611435009713 0.0761672814674951 -4.21228163156462 2.92489569583607
1200 -4.13515278706056 0.0767961069772799 -4.21194889403784 2.92469725581345
1300 -4.13460357884432 0.078033690605564 -4.21263726944988 2.924563505763
1400 -4.13475645041789 0.0777359437138236 -4.21249239413171 2.9247838210266
1500 -4.13246904503058 0.078137474349685 -4.21060651938026 2.92594881986857
1600 -4.13088566027293 0.0782913669817215 -4.20917702725465 2.92632889871803
1700 -4.13332331075741 0.0777155407995459 -4.21103885155696 2.92524587670988
1800 -4.13455598621624 0.0769103465662762 -4.21146633278252 2.92507717461746
1900 -4.13374053454895 0.0779342972112152 -4.21167483176017 2.92508362283127
2000 -4.13323974888789 0.0778692074490652 -4.21110895633695 2.92548131093788
2100 -4.13478288049441 0.0775563484232147 -4.21233922891762 2.92507442050596
2200 -4.13468167126521 0.076931213055534 -4.21161288432075 2.9252550241265
2300 -4.13380126827529 0.0777112522320252 -4.21151252050731 2.92512547935983
2400 -4.13621988707157 0.0771974196002754 -4.21341730667184 2.92456962314277
2500 -4.13555183475416 0.0768857410006014 -4.21243757575477 2.92502384134618
2600 -4.13485993983215 0.0761119900004647 -4.21097192983262 2.92564706785563
2700 -4.13545130962674 0.0766353562003935 -4.21208666582714 2.9254440383343
2800 -4.13539638014413 0.0774048871221158 -4.21280126726625 2.92500115580445
2900 -4.13491668377904 0.0771438990201578 -4.2120605827992 2.92575924987095
3000 -4.13350857648229 0.0781062779478039 -4.21161485443009 2.92617945742196
3100 -4.13469434462236 0.0762972149239536 -4.21099155954631 2.9264033450418
3200 -4.13481346104589 0.0767297389079352 -4.21154319995382 2.92561690020477
3300 -4.13299155653276 0.0779093700039421 -4.21090092653671 2.92603877932898
3400 -4.13386433882742 0.0772302606953894 -4.21109459952281 2.92576192656127
3500 -4.13230479227088 0.0786206930204828 -4.21092548529136 2.92639265637526
3600 -4.13410875631094 0.0773070394912697 -4.21141579580221 2.92591383983295
3700 -4.13490226759418 0.0775809416617221 -4.2124832092559 2.92580504387579
3800 -4.13449091319971 0.0769685446525664 -4.21145945785228 2.92588692742046
3900 -4.13475755249482 0.0774431840706379 -4.21220073656546 2.92540800247714
4000 -4.1351064349802 0.0777054686907431 -4.21281190367094 2.92522147489691
4100 -4.13441913632469 0.0771660635961355 -4.21158519992083 2.92531931639257
4200 -4.13388430281461 0.07726803001561 -4.21115233283022 2.92616869382588
4300 -4.13453811166665 0.0771350318574523 -4.21167314352411 2.92676517661967
4400 -4.13251347876236 0.0790809533245686 -4.21159443208693 2.92630599801274
4500 -4.13333631696771 0.0779308163000905 -4.2112671332678 2.92589546615379
4600 -4.13234993991808 0.0775530850847628 -4.20990302500285 2.92616330629077
4700 -4.13188139260041 0.0798220765137142 -4.21170346911412 2.92576742050353
4800 -4.1334347015894 0.0774959138795707 -4.21093061546897 2.92605566066506
4900 -4.13442263723186 0.0779588891291028 -4.21238152636096 2.92531434220153
5000 -4.13544796633203 0.0763942807692625 -4.2118422471013 2.92598036671284
5100 -4.13411962148336 0.0765080682405733 -4.21062768972394 2.92662414448209
5200 -4.13150737669811 0.0779233588300737 -4.20943073552818 2.92714325046757
5300 -4.13229623379616 0.0780413048488085 -4.21033753864496 2.92612512844161
5400 -4.13306584168146 0.0780761669202376 -4.2111420086017 2.92589354356745
5500 -4.13448051104628 0.0769322448021243 -4.2114127558484 2.92559537440447
5600 -4.13492129618947 0.0783062205355727 -4.21322751672504 2.92462398602914
5700 -4.13403235968842 0.0778453525047337 -4.21187771219316 2.92539154351769
5800 -4.13168067426762 0.0792329139013285 -4.21091358816895 2.92593122440575
5900 -4.13322775275475 0.07787087733634 -4.21109863009109 2.9258629413404
6000 -4.13499202982181 0.0764119248070697 -4.21140395462888 2.92539973024329
6100 -4.13065710665854 0.0792819323648515 -4.20993903902339 2.92611292788501
6200 -4.13240034623189 0.0791695024426564 -4.21156984867455 2.9250212523212
6300 -4.13392032595778 0.0775078152117688 -4.21142814116955 2.92534494116304
6400 -4.13430034498712 0.0765223177283538 -4.21082266271547 2.92556581332995
6500 -4.1363602357154 0.0758436627373701 -4.21220389845277 2.92490458571192
6600 -4.13564514671303 0.0775441219274075 -4.21318926864044 2.92466570345097
6700 -4.13389450536843 0.0774977736096194 -4.21139227897805 2.92514066210066
6800 -4.13406383272826 0.07723435713262 -4.21129818986088 2.92513312789815
6900 -4.13414842236251 0.0769382052507891 -4.2110866276133 2.92531113087247
7000 -4.13260355575018 0.0776365353096512 -4.21024009105983 2.92542277152971
7100 -4.13120650123015 0.0794872360491438 -4.21069373727929 2.92518930022155
7200 -4.13203737402127 0.0788618972472769 -4.21089927126855 2.92470331989447
7300 -4.13181908793051 0.0793252613233695 -4.21114434925387 2.92497639855531
7400 -4.13193354645592 0.0789347574285155 -4.21086830388444 2.92534873480266
7500 -4.13322102838492 0.0781424752285608 -4.21136350361348 2.92525476902155
7600 -4.13318463103267 0.07764630360035 -4.21083093463302 2.92564648146117
7700 -4.13378563001415 0.077188736396713 -4.21097436641086 2.92543116943164
7800 -4.13401172581073 0.0780740214546074 -4.21208574726534 2.92489363681468
7900 -4.13422545374147 0.0774270679579619 -4.21165252169944 2.92525242903123
8000 -4.13498771875814 0.07604271411797 -4.21103043287611 2.92562937616039
8100 -4.13482123026524 0.0768751119625543 -4.21169634222779 2.92534189577963
8200 -4.13690833027822 0.076646757602907 -4.21355508788112 2.92453440596268
8300 -4.13523518456145 0.0758441162711212 -4.21107930083257 2.9255104784285
8400 -4.13470434104004 0.0777740604779675 -4.21247840151801 2.92507793562443
8500 -4.13461609097563 0.0782413960301887 -4.21285748700582 2.9249807078868
8600 -4.13313816200796 0.0776913380017838 -4.21082950000974 2.92669451966848
8700 -4.13381977945064 0.0776107450867199 -4.21143052453736 2.92646694560733
8800 -4.1332333090185 0.0768043651482827 -4.21003767416678 2.92676785530288
8900 -4.13191330304387 0.0791088101729892 -4.21102211321686 2.92604182218071
9000 -4.13257848563733 0.0789139766815271 -4.21149246231886 2.9256880512231
9100 -4.13385725596173 0.0770504254841612 -4.21090768144589 2.92603431427977
9200 -4.13494046156731 0.0775016994522696 -4.21244216101958 2.92611735153769
9300 -4.13511451241897 0.0768811651536185 -4.21199567757259 2.92630484806072
9400 -4.13441312970948 0.0767325819043941 -4.21114571161388 2.92597891252972
9500 -4.133707117189 0.0770695865137789 -4.21077670370278 2.92615050969829
9600 -4.13605676585397 0.0773673370218116 -4.21342410287578 2.92492750189847
9700 -4.13438361985626 0.0783572087231773 -4.21274082857944 2.92530163936997
9800 -4.13439260025961 0.0785316295852853 -4.2129242298449 2.92619116111351
9900 -4.13429901386809 0.077619022426012 -4.2119180362941 2.92559126016776
10000 -4.13371614198874 0.0780393766708209 -4.21175551865956 2.92553402530074
10100 -4.1321372865382 0.0782693556376167 -4.21040664217582 2.9260602646748
10200 -4.13407616436929 0.077517948513814 -4.21159411288311 2.92600198296041
10300 -4.13190221322357 0.0774981036307939 -4.20940031685437 2.92763542143369
10400 -4.13372873698308 0.0771811025779842 -4.21090983956106 2.92642409746496
10500 -4.13484275730261 0.0763460964077973 -4.21118885371041 2.92600974455719
10600 -4.13527827799134 0.0766236068762001 -4.21190188486754 2.92572633187084
10700 -4.13358106650156 0.0784543994140333 -4.21203546591559 2.92545012608945
10800 -4.13419218242649 0.0776079007170671 -4.21180008314356 2.92539327164256
10900 -4.13367489923646 0.0777719426251218 -4.21144684186158 2.9257811991314
11000 -4.13190677584921 0.0788390551134293 -4.21074583096264 2.92616635015629
11100 -4.13360457928458 0.0776242455595061 -4.21122882484409 2.92656264809849
11200 -4.13381422149482 0.0786112151378321 -4.21242543663265 2.92546969579938
11300 -4.13262132958183 0.0791181876054541 -4.21173951718729 2.92555814021188
11400 -4.13274407543567 0.0785425740059452 -4.21128664944161 2.92574103153155
11500 -4.13235899247577 0.0786220719511175 -4.21098106442688 2.92602150704158
11600 -4.13171767402301 0.0792382935187542 -4.21095596754176 2.92619786751657
11700 -4.13333674915349 0.0772332951459448 -4.21057004429943 2.9260419655412
11800 -4.13478804679221 0.0771599456517416 -4.21194799244395 2.92554004422206
11900 -4.13494492156341 0.0770832725928302 -4.21202819415624 2.92528727635503
12000 -4.13354162916783 0.0785653352905318 -4.21210696445837 2.92531180899362
12100 -4.13369127047227 0.077314219716931 -4.2110054901892 2.92608666319813
12200 -4.13305163593703 0.077346127279469 -4.2103977632165 2.92645293636901
12300 -4.13293042079725 0.0777966667771269 -4.21072708757438 2.92628327279671
12400 -4.13241325592221 0.0785771029518922 -4.2109903588741 2.92602892684731
12500 -4.13442007634681 0.0773593852006749 -4.21177946154749 2.92533669215378
12600 -4.13442235757563 0.0772009583040882 -4.21162331587972 2.92543264005287
12700 -4.13561681272807 0.0764095943024285 -4.2120264070305 2.9252976991395
12800 -4.13431377766908 0.0782468397976531 -4.21256061746673 2.92516955575231
12900 -4.13297375055899 0.0786289787204985 -4.21160272927949 2.9261081488192
13000 -4.13492894045767 0.0769749657017888 -4.21190390615946 2.9256511264559
13100 -4.1333053498722 0.077838912480725 -4.21114426235292 2.92610144358976
13200 -4.1335534982044 0.0789462320736843 -4.21249973027808 2.92526487707626
13300 -4.13433582116721 0.0765929799475861 -4.21092880111479 2.92613719644499
13400 -4.13334702673498 0.0782578022264964 -4.21160482896147 2.92579068694906
13500 -4.13244103725419 0.0782949549923088 -4.2107359922465 2.92620492883473
13600 -4.13294252128134 0.0772874735116044 -4.21022999479295 2.92622921900757
13700 -4.13388940484242 0.0771582255467092 -4.21104763038913 2.9257130912232
13800 -4.13551741737858 0.0772609594512761 -4.21277837682986 2.924825242088
13900 -4.13417859558244 0.0775755224800641 -4.2117541180625 2.92547607775624
14000 -4.13268615845611 0.0792290924334977 -4.21191525088961 2.92558232121374
14100 -4.13466705801553 0.0776535898686521 -4.21232064788418 2.92506991760958
14200 -4.13363374739483 0.0779836925222795 -4.21161743991711 2.92564926621657
14300 -4.13273894660541 0.0782437702555812 -4.21098271686099 2.92564815339521
14400 -4.13496697735787 0.0765783192464815 -4.21154529660435 2.92533987314413
14500 -4.13252272231673 0.0787102990622016 -4.21123302137894 2.92563626935509
14600 -4.13317449561725 0.0778764030018799 -4.21105089861913 2.92557642092183
14700 -4.13200569367542 0.0783646854565307 -4.21037037913195 2.92584892868956
14800 -4.1337674021398 0.0783130909553124 -4.21208049309511 2.925300791216
14900 -4.13326880808178 0.0785972883924415 -4.21186609647422 2.92541742524644
15000 -4.13204920788385 0.0784959049283355 -4.21054511281219 2.9260084761751
15100 -4.13237304300759 0.0791681761029548 -4.21154121911055 2.92573676264348
15200 -4.13442369669478 0.0770556587476966 -4.21147935544247 2.92567052983194
15300 -4.13394685502535 0.0771056869667589 -4.21105254199211 2.92606961282242
15400 -4.13484853939007 0.0770951299815109 -4.21194366937158 2.92518765451654
15500 -4.13366755297553 0.0772606699605101 -4.21092822293604 2.92550811537859
15600 -4.13568216701388 0.0765692422275078 -4.21225140924139 2.92502029695094
15700 -4.13699153105841 0.0752730357097144 -4.21226456676812 2.92465861094471
15800 -4.13479978802261 0.077403897917928 -4.21220368594054 2.92423957397995
15900 -4.13502471173548 0.0766719674448585 -4.21169667918034 2.92482324428423
16000 -4.13623669451195 0.0770933996015418 -4.21333009411349 2.92427638757823
16100 -4.13443488875029 0.078267226279969 -4.21270211503026 2.9245315615635
16200 -4.13588077721543 0.0764374677902092 -4.21231824500564 2.92435892705939
16300 -4.13279391722736 0.0779390356489308 -4.21073295287629 2.92439823788647
16400 -4.13220540556233 0.0789125924820295 -4.21111799804436 2.92478513037961
16500 -4.1348135946464 0.0774303120977747 -4.21224390674418 2.92440979473373
16600 -4.13407509038986 0.0774807632718748 -4.21155585366173 2.9248526901607
16700 -4.13370826612942 0.0786824188575534 -4.21239068498697 2.92435064240707
16800 -4.13641468094444 0.0766025175335882 -4.21301719847803 2.92431057559605
16900 -4.13338949629066 0.0783113231314025 -4.21170081942206 2.92515320158937
17000 -4.13448918035973 0.0784626319928375 -4.21295181235256 2.92456446176897
17100 -4.13438187578195 0.0763646713835451 -4.21074654716549 2.92520147990503
17200 -4.13266224792328 0.0793277011692803 -4.21198994909256 2.92456107391246
17300 -4.1333609628537 0.0782607288014385 -4.21162169165514 2.92471560489898
17400 -4.13462705895764 0.0768174477659104 -4.21144450672355 2.92517660110954
17500 -4.13425057698959 0.0773069691808283 -4.21155754617042 2.92516372824059
17600 -4.13319645584184 0.0788101488569735 -4.21200660469881 2.92497223879038
17700 -4.13274106465281 0.079210499557465 -4.21195156421027 2.92549830433385
17800 -4.13332908805248 0.0784785183413678 -4.21180760639385 2.9254291518371
17900 -4.13520941310068 0.0768302887183456 -4.21203970181903 2.9256177103852
18000 -4.13583995544131 0.076625898525853 -4.21246585396716 2.92542869722343
18100 -4.13444841033054 0.0777248429865697 -4.21217325331711 2.92550877405817
18200 -4.13334416378567 0.0785002170404013 -4.21184438082608 2.92600347046977
18300 -4.13455166437648 0.0777230889839724 -4.21227475336045 2.92628545976444
18400 -4.13423714909081 0.0778602348885894 -4.2120973839794 2.92554673027396
18500 -4.13309763966315 0.0789213936275077 -4.21201903329066 2.92557623296201
18600 -4.13394879318629 0.0787517143610508 -4.21270050754734 2.92550830463791
18700 -4.13477722308654 0.0778978205721133 -4.21267504365866 2.92504224018719
18800 -4.13288337762369 0.0779043029934125 -4.2107876806171 2.92621511945078
18900 -4.13425553992418 0.077862612986803 -4.21211815291099 2.92548111190404
19000 -4.13379274132952 0.0774021561685772 -4.2111948974981 2.92559337704225
19100 -4.13448556080724 0.0775997628556787 -4.21208532366292 2.92524660419157
19200 -4.13386354274955 0.0782042394234735 -4.21206778217303 2.92491868296315
19300 -4.13428331455866 0.0780090394878813 -4.21229235404654 2.92463150197349
19400 -4.1334597428226 0.0779344325837895 -4.21139417540639 2.92528332090192
19500 -4.1338535629329 0.0778528636058216 -4.21170642653872 2.92511675531056
19600 -4.13454652248782 0.0775218587131613 -4.21206838120098 2.92491609375358
19700 -4.13446624115573 0.0767355091812525 -4.21120175033698 2.92530844526777
19800 -4.13251468097129 0.0776500326732412 -4.21016471364453 2.92599642250748
19900 -4.13300064808534 0.0770592169702231 -4.21005986505556 2.92599494245694
20000 -4.1345435908565 0.0771636680555853 -4.21170725891208 2.92512129806243
20100 -4.13225139569674 0.0781931918896001 -4.21044458758634 2.92546690769277
20200 -4.13501662223475 0.0773557794591813 -4.21237240169393 2.9243306548812
20300 -4.13454054274028 0.0769641727232573 -4.21150471546353 2.92485007108549
20400 -4.13444229261582 0.0765635997204991 -4.21100589233632 2.92497920596509
20500 -4.13571767779933 0.0751882834118692 -4.2109059612112 2.92539608694109
20600 -4.13396966350025 0.0779248922466194 -4.21189455574687 2.92470170387648
20700 -4.13275378589796 0.0779951220894954 -4.21074890798745 2.92542316385238
20800 -4.13356234256727 0.0780394979414636 -4.21160184050873 2.92503587320257
20900 -4.13580181857841 0.076348377398705 -4.21215019597711 2.92483750571205
21000 -4.13309349131501 0.0774711180405312 -4.21056460935555 2.92540694989632
21100 -4.13479523852552 0.077890538010233 -4.21268577653575 2.92473095441591
21200 -4.13439557972348 0.0777254782528999 -4.21212105797638 2.92510754223489
21300 -4.13382971563115 0.0778143456262964 -4.21164406125745 2.92483191064319
21400 -4.13474055654459 0.0772732202057226 -4.21201377675031 2.92454561903127
21500 -4.13551535791422 0.0778919096683402 -4.21340726758256 2.92385812986824
21600 -4.13512810462749 0.0775257318534028 -4.21265383648089 2.92423353835732
21700 -4.13501311003577 0.0770578277466892 -4.21207093778246 2.92441639556299
21800 -4.13344105151331 0.0775877389205395 -4.21102879043385 2.92517379180017
21900 -4.13573715376727 0.0773601252544672 -4.21309727902173 2.92393728714572
22000 -4.13514076464475 0.0771088135141021 -4.21224957815885 2.92374084258825
22100 -4.13350865452273 0.0780211126264965 -4.21152976714923 2.92462935867596
22200 -4.13365295240576 0.0775901242837692 -4.21124307668953 2.92493939223434
22300 -4.13656979239474 0.0768272692939714 -4.21339706168871 2.9237647098726
22400 -4.13510011172103 0.0769552315696188 -4.21205534329065 2.9241843746479
22500 -4.13531794646384 0.0775187104949303 -4.21283665695877 2.92390827585091
22600 -4.13378215433474 0.0780628609988838 -4.21184501533362 2.92399098393638
22700 -4.13430466911885 0.0770361647088675 -4.21134083382772 2.92483607923572
22800 -4.13318042194407 0.0788745308894458 -4.21205495283351 2.92465074664259
22900 -4.1312747784799 0.0782470625060428 -4.20952184098595 2.92568357664837
23000 -4.1323712200511 0.0774137097520192 -4.20978492980312 2.92526679548383
23100 -4.13334975498486 0.0788474501363803 -4.21219720512124 2.92370082525788
23200 -4.13530183799936 0.0768503874002064 -4.21215222539957 2.92448207425372
23300 -4.13477802924042 0.0778726831295933 -4.21265071237001 2.92423612824712
23400 -4.13445917584819 0.0776939343942574 -4.21215311024245 2.92450290993933
23500 -4.13327857870302 0.0789638559120249 -4.21224243461505 2.92416011159796
23600 -4.1329409678871 0.0773727954469562 -4.21031376333406 2.92473968201029
23700 -4.13365568991843 0.0775482290738834 -4.21120391899232 2.92450009845072
23800 -4.13394617374314 0.0776412547215698 -4.21158742846471 2.92486110489292
23900 -4.13285108314272 0.0782249829799501 -4.21107606612267 2.92543951841198
24000 -4.13283843316911 0.0781528082680182 -4.21099124143713 2.92526502694295
24100 -4.1334553172896 0.0777869322292131 -4.21124224951881 2.92428192587372
24200 -4.13239795127918 0.0794306939351067 -4.21182864521429 2.9235708533388
24300 -4.13206148373884 0.0786973211407972 -4.21075880487964 2.92529891367242
24400 -4.13261383838437 0.0787796354874188 -4.21139347387179 2.92475931607793
24500 -4.13358039743074 0.0767431809675334 -4.21032357839827 2.92510336219205
24600 -4.13470307747482 0.0764863968337355 -4.21118947430856 2.92439541784042
24700 -4.13395260513244 0.0780854363018311 -4.21203804143427 2.9239891436001
24800 -4.13391870624968 0.0792548265428852 -4.21317353279257 2.92414682079282
24900 -4.13359340652503 0.0779731717922583 -4.21156657831729 2.92483296173985
25000 -4.13423682121296 0.0780739109569083 -4.21231073216987 2.92446259946882
25100 -4.13439476229004 0.077981132220483 -4.21237589451052 2.92408304520103
25200 -4.13428551915437 0.076947381786504 -4.21123290094088 2.92444636980581
25300 -4.13509673589778 0.0765316447712041 -4.21162838066898 2.92309669954122
25400 -4.13261711665508 0.0784392054334377 -4.21105632208851 2.92469718671768
25500 -4.13374265692736 0.0774004462305332 -4.2111431031579 2.92482287868738
25600 -4.13378732673926 0.077995130768468 -4.21178245750773 2.92461483991771
25700 -4.13366030929 0.0777931445585169 -4.21145345384852 2.92515303367105
25800 -4.13373280181277 0.0778215449866253 -4.2115543467994 2.924880372712
25900 -4.13371929031944 0.077895291547063 -4.2116145818665 2.92430423152469
26000 -4.13324856178324 0.0778065329114995 -4.21105509469474 2.9242995885108
26100 -4.13244131277648 0.0804403019867077 -4.21288161476318 2.92411673876647
26200 -4.13275478119873 0.0780514490030297 -4.21080623020176 2.92512904952821
26300 -4.13378978051762 0.0778548830362885 -4.2116446635539 2.92505225215651
26400 -4.13338816468314 0.0788412791392179 -4.21222944382235 2.92462852496212
26500 -4.13289215364652 0.0782981076236653 -4.21119026127019 2.92535278875802
26600 -4.13368021925011 0.077727041774116 -4.21140726102422 2.92511022459556
26700 -4.13487607643632 0.0775604296754814 -4.2124365061118 2.92433971232968
26800 -4.13551133450612 0.076906692270091 -4.21241802677621 2.92453700459938
26900 -4.134402669676 0.0773380887932501 -4.21174075846925 2.92463725599597
27000 -4.13427824089591 0.0784088123350787 -4.21268705323099 2.92419814262922
27100 -4.13403784891167 0.0769009006378749 -4.21093874954954 2.92461088162635
27200 -4.13598151495611 0.0768191504125198 -4.21280066536862 2.92418226253218
27300 -4.13393698978515 0.077515739294401 -4.21145272907955 2.92496570005393
27400 -4.13203938641291 0.07830481464816 -4.21034420106107 2.92555948568096
27500 -4.13484701243211 0.0767467011242579 -4.21159371355637 2.92488240514706
27600 -4.1350099222868 0.0785925390851977 -4.213602461372 2.92397324443554
27700 -4.13499193420448 0.0766490770102355 -4.21164101121472 2.92524236008398
27800 -4.13406351212868 0.0772142545107578 -4.21127776663944 2.92506343551401
27900 -4.13350020357751 0.078153090216665 -4.21165329379418 2.92537718580413
28000 -4.13352284710365 0.0792302162370851 -4.21275306334073 2.9246654304551
28100 -4.13270761144764 0.0780115264646523 -4.21071913791229 2.92558567966714
28200 -4.13354601154659 0.0781214901904149 -4.211667501737 2.92499169575037
28300 -4.13346392364623 0.0786255932144359 -4.21208951686067 2.9246853527461
28400 -4.13349096527757 0.0781996405707307 -4.2116906058483 2.92436899816096
28500 -4.133759336804 0.0766227738179177 -4.21038211062192 2.92476952156633
28600 -4.1331739761814 0.0772631780685686 -4.21043715424997 2.92490956071675
28700 -4.1343955093788 0.0763504071733425 -4.21074591655214 2.92510423198192
28800 -4.13417868640861 0.0763433516756219 -4.21052203808424 2.92515855535918
28900 -4.13496163540746 0.0775482884877073 -4.21250992389517 2.92459262054927
29000 -4.13306315871399 0.0779048407626956 -4.21096799947669 2.92483575545839
29100 -4.13475471109457 0.0776581885735726 -4.21241289966814 2.92356152256919
29200 -4.13366351950744 0.0791570718029095 -4.21282059131035 2.92392201411713
29300 -4.13445722255324 0.0777103540759889 -4.21216757662923 2.92464833493816
29400 -4.13417068958111 0.0773802835238104 -4.21155097310492 2.92501617398669
29500 -4.13246957513858 0.0779555208466946 -4.21042509598528 2.92491886542641
29600 -4.1339494307994 0.077960636825323 -4.21191006762472 2.92370917463649
29700 -4.13264955471286 0.0794316776604348 -4.2120812323733 2.92377248548679
29800 -4.13291223374062 0.078385915956892 -4.21129814969751 2.92509460299354
29900 -4.13216952581139 0.0785321891172971 -4.21070171492869 2.92530062428672
30000 -4.13327780206788 0.0778544076708453 -4.21113220973872 2.92492613595828
30100 -4.13283004761454 0.0772903424001846 -4.21012039001473 2.92449695839349
30200 -4.13358167987239 0.0772836156808736 -4.21086529555326 2.92465042428899
30300 -4.13194495515443 0.0779750322697984 -4.20991998742423 2.92553397213119
30400 -4.13219010102735 0.0779972880884794 -4.21018738911583 2.92537246182472
30500 -4.13119479020829 0.0790248071993217 -4.21021959740761 2.92551726303691
30600 -4.13318739132144 0.0790463862064222 -4.21223377752787 2.92409119594625
30700 -4.13351039534709 0.0786922740272413 -4.21220266937433 2.9237390985663
30800 -4.13286273388445 0.078380137871049 -4.2112428717555 2.9249748330787
30900 -4.13240155726879 0.0787399326716089 -4.2111414899404 2.92528742777656
31000 -4.13296892789304 0.0776095684903544 -4.21057849638339 2.92535813130484
31100 -4.13232723830365 0.0784759718013605 -4.21080321010501 2.92512701060364
31200 -4.13242109555717 0.077642510144737 -4.2100636057019 2.92543919910387
31300 -4.13364216657608 0.0784365442554422 -4.21207871083152 2.92456910001316
31400 -4.133009403951 0.0791099574061772 -4.21211936135718 2.92481235700231
31500 -4.13287446987137 0.0772868794293762 -4.21016134930075 2.92534418185876
31600 -4.13299051997512 0.0789336992447351 -4.21192421921986 2.92500391086141
31700 -4.13275185216632 0.0795513251617648 -4.21230317732808 2.92504223779144
31800 -4.13514401674797 0.0776857695524406 -4.21282978630041 2.92457471090959
31900 -4.13423077731239 0.0776480875140757 -4.21187886482646 2.92504034505602
32000 -4.13422021480523 0.0782610854478599 -4.21248130025309 2.92502809123123
32100 -4.13417947795807 0.0775227149031035 -4.21170219286118 2.9261464112565
32200 -4.13287478787965 0.0774162496330703 -4.21029103751272 2.92810535150701
32300 -4.13476527413903 0.0766293600065972 -4.21139463414563 2.92612502374363
32400 -4.13406798696289 0.0771552906785875 -4.21122327764147 2.92602512799801
32500 -4.13290527465264 0.0782588436171652 -4.2111641182698 2.92615598883167
32600 -4.13259066407681 0.0779769299252069 -4.21056759400202 2.92618442844511
32700 -4.13462828867691 0.0767635535664189 -4.21139184224333 2.9260564656557
32800 -4.1350949249574 0.077108034418059 -4.21220295937546 2.92592861354159
32900 -4.1335900918797 0.0771821315300058 -4.21077222340971 2.92630401953361
33000 -4.13528830613792 0.0781436168536855 -4.2134319229916 2.92483803979766
33100 -4.13437162538566 0.0777978052519029 -4.21216943063757 2.92533607588666
33200 -4.13410721626138 0.0771057933221577 -4.21121300958353 2.92572773990683
33300 -4.13505976305811 0.0764474640318182 -4.21150722708993 2.92564216540495
33400 -4.13504113298807 0.0786066770627236 -4.21364781005079 2.92527285232448
33500 -4.13297574875214 0.0780873972718689 -4.21106314602401 2.92659167320615
33600 -4.13405905158959 0.0781012518582219 -4.21216030344782 2.92620871559134
33700 -4.13325874399453 0.076882964965887 -4.21014170896042 2.92629958340325
33800 -4.13250755380916 0.0788748015452879 -4.21138235535445 2.92558623608268
33900 -4.13346939652929 0.0777825880599395 -4.21125198458923 2.92556747726233
34000 -4.13353012650394 0.0781359277099673 -4.21166605421391 2.92534734012859
34100 -4.13371182955139 0.0767534577093421 -4.21046528726073 2.92616747401291
34200 -4.13465807014947 0.0774945570577328 -4.2121526272072 2.92553776328282
34300 -4.13287528020614 0.0770393069441281 -4.20991458715027 2.92680053112166
34400 -4.13397900729918 0.0771757099956675 -4.21115471729485 2.9262880402218
34500 -4.13336732715816 0.0780514519016961 -4.21141877905986 2.92596884218978
34600 -4.13392358273823 0.0774987423368639 -4.21142232507509 2.92622844085623
34700 -4.13613850419998 0.0761823613382533 -4.21232086553823 2.92535475559142
34800 -4.13542393088998 0.0768866053634429 -4.21231053625342 2.92519745452687
34900 -4.13538412252546 0.0767250553582115 -4.21210917788367 2.92500598911888
35000 -4.13428355478547 0.0766190137565985 -4.21090256854207 2.92570051843618
35100 -4.13368395264672 0.0775553090807897 -4.21123926172751 2.92618726967879
35200 -4.13441201272818 0.0766942555452819 -4.21110626827346 2.92637177246191
35300 -4.13346954060204 0.0770551378245819 -4.21052467842662 2.92646326707999
35400 -4.1347660539726 0.077225370158821 -4.21199142413142 2.92570368371867
35500 -4.1358934334295 0.0766168301461047 -4.21251026357561 2.92491710381214
35600 -4.13650059496677 0.0760392786043004 -4.21253987357107 2.92490415016629
35700 -4.13437650293181 0.077175836135613 -4.21155233906742 2.92565965243274
35800 -4.13279748426424 0.077206746238435 -4.21000423050267 2.92659158081917
35900 -4.13210446819096 0.0783629400414641 -4.21046740823242 2.92644432741598
36000 -4.13284671201118 0.0786354179481122 -4.2114821299593 2.92569259718911
36100 -4.13252360917229 0.0785982684484776 -4.21112187762077 2.9261566427273
36200 -4.13357061321842 0.0779733183564017 -4.21154393157482 2.92561433057757
36300 -4.13326595637449 0.0789824115279288 -4.21224836790242 2.92509631042417
36400 -4.13504348603353 0.0774806023801762 -4.2125240884137 2.92494374026201
36500 -4.13391102172922 0.0773440545848204 -4.21125507631404 2.92594166670624
36600 -4.13298243980807 0.078938929425663 -4.21192136923374 2.92534640552606
36700 -4.13385987763631 0.0775074003535968 -4.21136727798991 2.92543389592645
36800 -4.13343704860884 0.0781639687554641 -4.21160101736431 2.92546107366187
36900 -4.13406838591319 0.0773092633035643 -4.21137764921676 2.9255626720059
37000 -4.13420367668232 0.0767667268123847 -4.21097040349471 2.92551445214703
37100 -4.13536517740946 0.0763950980055588 -4.21176027541502 2.92529801379879
37200 -4.13418001177755 0.077777544433091 -4.21195755621064 2.9253728607347
37300 -4.13312178944338 0.0781113781897234 -4.2112331676331 2.9254867545243
37400 -4.13261658889805 0.0784085909896446 -4.2110251798877 2.92547615054838
37500 -4.1322916905997 0.0783311584387443 -4.21062284903844 2.92574361516128
37600 -4.13325462033266 0.0771545965066657 -4.21040921683932 2.92515391573826
37700 -4.13397152652186 0.0790368769552845 -4.21300840347714 2.92345679359394
37800 -4.13408215304998 0.0791043138289417 -4.21318646687892 2.92360477694052
37900 -4.13518798508762 0.0778945326952582 -4.21308251778288 2.92404273153729
38000 -4.13336904475575 0.0789678484846922 -4.21233689324044 2.92449501748951
38100 -4.13480136816623 0.076743793424795 -4.21154516159103 2.92501081622436
38200 -4.13565815752713 0.0768516016498881 -4.21250975917702 2.92469145757993
38300 -4.13379255608189 0.0778290451350403 -4.21162160121693 2.92539575319946
38400 -4.13474069884394 0.077282418970336 -4.21202311781428 2.9251864244795
38500 -4.13513458715746 0.0773465167501797 -4.21248110390764 2.92502826459169
38600 -4.1343595332846 0.0773508300646205 -4.21171036334922 2.92557656103801
38700 -4.13507853021563 0.0764827517555472 -4.21156128197118 2.92625274010831
38800 -4.13226126890443 0.0784561781300854 -4.21071744703451 2.92677392506726
38900 -4.13362134509079 0.077491796233009 -4.2111131413238 2.92636444418664
39000 -4.13388985468949 0.0784923061582262 -4.21238216084772 2.9254536888993
39100 -4.13543650873435 0.0774514201625637 -4.21288792889692 2.92530147263752
39200 -4.13513135119555 0.0772249749102317 -4.21235632610578 2.92556763803472
39300 -4.13390752830418 0.0775594964626906 -4.21146702476687 2.92631342972619
39400 -4.13544914124959 0.0771131827008424 -4.21256232395043 2.92510251958287
39500 -4.13545103221619 0.0776549588707046 -4.2131059910869 2.92505328187252
39600 -4.1345805854691 0.0774060230756672 -4.21198660854477 2.92536376227288
39700 -4.13410649771819 0.0774613183532438 -4.21156781607144 2.92583744875749
39800 -4.13350692719098 0.0772001923976433 -4.21070711958862 2.92668105107607
39900 -4.13231529953059 0.078073051990481 -4.21038835152107 2.92711134731614
40000 -4.13290359936292 0.0774867310457653 -4.21039033040869 2.92636567307231
40100 -4.13419353581959 0.0778114655319094 -4.2120050013515 2.9258335867586
40200 -4.13503362957301 0.0770308620482466 -4.21206449162126 2.92568448564626
40300 -4.13471996819727 0.0777255675449661 -4.21244553574223 2.92523004207415
40400 -4.13351391288054 0.0779272131368479 -4.21144112601739 2.92630984411775
40500 -4.13292862189193 0.077916879706289 -4.21084550159822 2.92623415209196
40600 -4.13260810244797 0.0778249133125001 -4.21043301576047 2.92667374147842
40700 -4.13336200236873 0.0775619102460352 -4.21092391261477 2.92609973477457
40800 -4.13239046744898 0.0779451124259039 -4.21033557987488 2.92648601108976
40900 -4.13344699127859 0.0770831568905331 -4.21053014816912 2.92588546349574
41000 -4.13500003063361 0.0770353608503243 -4.21203539148394 2.92507931537013
41100 -4.13469341063082 0.0778151650329253 -4.21250857566374 2.92496918587787
41200 -4.13376070114445 0.0772133975012305 -4.21097409864568 2.92569882983651
41300 -4.13516413073249 0.0767955142191249 -4.21195964495161 2.92547414512651
41400 -4.13341010632517 0.0765815245062748 -4.20999163083144 2.92642739431439
41500 -4.13254672829555 0.0780226861015001 -4.21056941439705 2.92669021000866
41600 -4.13232693146438 0.0778896854661065 -4.21021661693049 2.92710038309345
41700 -4.13393296008649 0.0775716998563533 -4.21150465994284 2.92637065859445
41800 -4.13504084372943 0.0772199096723892 -4.21226075340182 2.92542163827268
41900 -4.13587613298572 0.0763390140662536 -4.21221514705198 2.92544447237542
42000 -4.13528393559535 0.0767692046944135 -4.21205314028976 2.92532426469985
42100 -4.13634953353681 0.0765467435629438 -4.21289627709976 2.92524359563357
42200 -4.13427634760616 0.076920075022823 -4.21119642262898 2.92619092358407
42300 -4.13430198431666 0.0767061367849804 -4.21100812110164 2.92629654538721
42400 -4.13431255737016 0.0773601814247951 -4.21167273879496 2.92590486845305
42500 -4.13319291535651 0.0781868165859995 -4.21137973194251 2.92552850608087
42600 -4.13530372872155 0.0774567204858675 -4.21276044920741 2.92541064284392
42700 -4.13394514105603 0.07804864073631 -4.21199378179234 2.9264070772652
42800 -4.1352518381476 0.0766712606710227 -4.21192309881862 2.9260740013168
42900 -4.13632733994987 0.0771485969169577 -4.21347593686683 2.92499900647849
43000 -4.13504672606651 0.0761213310395582 -4.21116805710607 2.92579094535786
43100 -4.13366133886489 0.0782416909753192 -4.21190302984021 2.92552589573679
43200 -4.13453166605185 0.0768632914873364 -4.21139495753919 2.9258204555954
43300 -4.13267927236624 0.0795003674397716 -4.21217963980602 2.92522785500833
43400 -4.13377337922503 0.0778974034989526 -4.21167078272399 2.92512108921044
43500 -4.13476633852868 0.0776694921780008 -4.21243583070668 2.92502628265027
43600 -4.13389059424946 0.077914464528518 -4.21180505877798 2.92544691645938
43700 -4.13577008046381 0.0765082639452507 -4.21227834440906 2.9251491721523
43800 -4.13426760122727 0.077157996830278 -4.21142559805755 2.92544234213345
43900 -4.13601832606207 0.0759218741973308 -4.2119402002594 2.92525124790078
44000 -4.13491955583177 0.0774978544863791 -4.21241741031815 2.92506340610727
44100 -4.13484056858173 0.0765574496118329 -4.21139801819356 2.92563308267088
44200 -4.13473171529697 0.0766963278072709 -4.21142804310424 2.92539901951026
44300 -4.1355995750492 0.0767767998586831 -4.21237637490788 2.92500657262342
44400 -4.13523494297854 0.0766225359778853 -4.21185747895642 2.92541194216279
44500 -4.13477594367121 0.077479220933915 -4.21225516460512 2.92502165660112
44600 -4.13609972724106 0.0762214446488448 -4.21232117188991 2.92500516327968
44700 -4.1359421132112 0.0769809034100708 -4.21292301662127 2.92486183637381
44800 -4.13345558734458 0.0783486176257934 -4.21180420497037 2.92513100191769
44900 -4.13350411675177 0.0776128287273272 -4.2111169454791 2.92552416749615
45000 -4.13390834142527 0.0774210585018982 -4.21132939992717 2.92558529301881
45100 -4.13451237953777 0.0766749727292209 -4.211187352267 2.92566323094228
45200 -4.13440656348554 0.077129537945642 -4.21153610143118 2.92535681085505
45300 -4.13135570989837 0.0783084291161231 -4.20966413901449 2.92615069124475
45400 -4.1320051403596 0.07900534816987 -4.21101048852947 2.92553788192135
45500 -4.13343151648374 0.0771049882999249 -4.21053650478366 2.92586923076953
45600 -4.13304348788881 0.0771133605506518 -4.21015684843946 2.9256553320049
45700 -4.13275455412613 0.0781299071147634 -4.21088446124089 2.92547218730794
45800 -4.13341647186559 0.079574021704804 -4.21299049357039 2.92460548660596
45900 -4.13517381363767 0.0766778927099112 -4.21185170634758 2.92491225122007
46000 -4.1338760953237 0.0782498599124509 -4.21212595523615 2.92481209920189
46100 -4.13377327140625 0.0771289452005242 -4.21090221660678 2.92564353926985
46200 -4.13573395891767 0.0770322984352393 -4.21276625735291 2.92481702643457
46300 -4.13601946052969 0.0767637388499861 -4.21278319937968 2.92478654464604
46400 -4.13440257209061 0.0766501369945577 -4.21105270908517 2.92523725469011
46500 -4.1363175618375 0.07574416748654 -4.21206172932404 2.92461255890393
46600 -4.13342375025206 0.0775366041329766 -4.21096035438504 2.92519567768389
46700 -4.13378441029506 0.0781658095051435 -4.2119502198002 2.92426185258094
46800 -4.13369764096933 0.0780096687576195 -4.21170730972695 2.92409075357653
46900 -4.13533134234973 0.0772483192037945 -4.21257966155352 2.92399817413895
47000 -4.13381194653294 0.0784778457261561 -4.21228979225909 2.92477213906952
47100 -4.13494864527512 0.0770858373214575 -4.21203448259658 2.92443397093176
47200 -4.13419117112472 0.078516831197628 -4.21270800232235 2.92374260360257
47300 -4.13314589336158 0.0768916949064769 -4.21003758826806 2.92499721103173
47400 -4.13572977729252 0.0763105032665315 -4.21204028055905 2.92429843994723
47500 -4.13328256946971 0.0778778178220674 -4.21116038729178 2.92532633106902
47600 -4.13242156407274 0.0783258816895684 -4.21074744576231 2.92535797265731
47700 -4.13307229693336 0.0784044776750961 -4.21147677460846 2.92497428091727
47800 -4.13350390169725 0.0784709980927908 -4.21197489979004 2.92406912796167
47900 -4.13388926663116 0.0782792247615579 -4.21216849139272 2.92392607027679
48000 -4.13443703743896 0.0775902317736089 -4.21202726921257 2.92415560188338
48100 -4.13203145758545 0.0776673355754545 -4.2096987931609 2.9255937263235
48200 -4.13377892899346 0.0777238209862482 -4.2115027499797 2.92479897614951
48300 -4.13384739702235 0.0783534558156555 -4.21220085283801 2.92439311124119
48400 -4.13341093157893 0.0779067670088407 -4.21131769858777 2.9244251710426
48500 -4.13311007010808 0.0787049311366513 -4.21181500124474 2.92391046092259
48600 -4.13468465239341 0.0768153852947255 -4.21150003768813 2.92429848262721
48700 -4.13321207627523 0.0789746500510242 -4.21218672632626 2.92425747918274
48800 -4.13438493585902 0.0770839475451721 -4.21146888340419 2.92500612490911
48900 -4.13477774049025 0.077631233551072 -4.21240897404133 2.92456582281051
49000 -4.13432868702178 0.0782339703039849 -4.21256265732577 2.92449323616937
49100 -4.13288195006843 0.078403754486493 -4.21128570455492 2.92449809263846
49200 -4.13377858758632 0.0772351150856855 -4.21101370267201 2.92474825969927
49300 -4.1331371001671 0.0785490333146197 -4.21168613348172 2.92455893057054
49400 -4.13278269350559 0.0779507298249849 -4.21073342333058 2.92543459754478
49500 -4.13315434490816 0.0784639520094689 -4.21161829691763 2.92514332488487
49600 -4.13399433980606 0.0772904220409071 -4.21128476184696 2.9247101921592
49700 -4.13654514635341 0.0760119751933239 -4.21255712154673 2.92380309657471
49800 -4.13525796041242 0.077614986342113 -4.21287294675453 2.92396014302474
49900 -4.13594755309724 0.077666162483587 -4.21361371558083 2.92389580157891
50000 -4.13660045294799 0.0767979496117118 -4.2133984025597 2.92402342135378
50100 -4.13513106062552 0.0772477412458208 -4.21237880187134 2.92482431623681
50200 -4.13322468349494 0.0772342059769369 -4.21045888947188 2.92544733861087
50300 -4.1350244397892 0.0768177549378024 -4.211842194727 2.92464594387011
50400 -4.13530387293924 0.0762881215277413 -4.21159199446698 2.92449827735547
50500 -4.13544736818259 0.0778743463675932 -4.21332171455018 2.92379731021153
50600 -4.13385907546693 0.0775179041496026 -4.21137697961653 2.92535971557313
50700 -4.13453666071263 0.0764444668954198 -4.21098112760805 2.9252699500621
50800 -4.13354438457618 0.0773105737378053 -4.21085495831399 2.92508771003001
50900 -4.13448779362731 0.0782558879484675 -4.21274368157577 2.9243581921819
51000 -4.13484536515068 0.0770675838688186 -4.21191294901949 2.92451711329755
51100 -4.13365806144541 0.0781053171321718 -4.21176337857759 2.92444846349931
51200 -4.13334374560307 0.0773014191206802 -4.21064516472375 2.92504839688691
51300 -4.13514721812529 0.076943960928917 -4.21209117905421 2.92472840530501
51400 -4.13466004400389 0.0770125534349026 -4.2116725974388 2.92446849476077
51500 -4.13458654339929 0.0772425851346999 -4.21182912853399 2.92437513855651
51600 -4.13252928908811 0.0776342517560404 -4.21016354084415 2.92506886664339
51700 -4.1329794712335 0.0772109658121665 -4.21019043704567 2.92539371242277
51800 -4.13323417408031 0.0788203192564585 -4.21205449333677 2.9246891811484
51900 -4.13112731031419 0.078409646709803 -4.20953695702399 2.92560233005927
52000 -4.13238631851922 0.078203642459254 -4.21058996097848 2.92511810594813
52100 -4.1337779916495 0.077590710242961 -4.21136870189246 2.92523213138029
52200 -4.13493685738289 0.0768586286415576 -4.21179548602445 2.92500693635988
52300 -4.13378628588193 0.0777020465540416 -4.21148833243597 2.92460749670479
52400 -4.13398392717564 0.0774348904162373 -4.21141881759188 2.92475401515412
52500 -4.13391615356177 0.0782826618211783 -4.21219881538295 2.92391593158728
52600 -4.13461967568735 0.0786877951430207 -4.21330747083037 2.92386011289452
52700 -4.13638337704838 0.0769818026146123 -4.213365179663 2.92405617642041
52800 -4.13636935091522 0.0761769591336946 -4.21254631004891 2.92462938537721
52900 -4.13292921942028 0.0772033180377309 -4.21013253745801 2.92541183272277
53000 -4.13372495574918 0.0778023917784223 -4.21152734752761 2.9241146327259
53100 -4.13337411667211 0.0780956963503965 -4.21146981302251 2.9244707250949
53200 -4.13439347158894 0.0770995376008852 -4.21149300918982 2.92519699000407
53300 -4.13438725239598 0.0779917048887291 -4.21237895728471 2.9247221396081
53400 -4.13397044212031 0.0781910466529142 -4.21216148877322 2.92488208625865
53500 -4.13517707930339 0.0773860343912765 -4.21256311369466 2.92437859468627
53600 -4.13440788981629 0.0768394590021336 -4.21124734881842 2.92462903287366
53700 -4.1333889900632 0.0772118016582409 -4.21060079172144 2.92496282054365
53800 -4.13281157280782 0.0788905032856889 -4.21170207609351 2.92467129089703
53900 -4.13364498299292 0.0770219508859489 -4.21066693387887 2.92531729839731
54000 -4.13322436118692 0.0790288504582795 -4.2122532116452 2.92482085146459
54100 -4.13107198191763 0.0795025905670064 -4.21057457248463 2.92535250718827
54200 -4.13292210335727 0.0778966513808758 -4.21081875473815 2.92508110934563
54300 -4.13176341625999 0.0792348977647117 -4.2109983140247 2.92456698175213
54400 -4.13283354203413 0.0781053708078218 -4.21093891284195 2.92484715283542
54500 -4.13376491106142 0.077747273044134 -4.21151218410556 2.92460286027097
54600 -4.13452039743658 0.0782771060789813 -4.21279750351556 2.92443359153309
54700 -4.13347852375519 0.0774971099716932 -4.21097563372688 2.92544217040604
54800 -4.13363067269909 0.0774158570509644 -4.21104652975005 2.92514925645502
54900 -4.13112229366817 0.0790558036734302 -4.2101780973416 2.92578477019201
55000 -4.13429566729263 0.0776947174537681 -4.2119903847464 2.92542873826097
55100 -4.13371648635996 0.0779830556972691 -4.21169954205723 2.92516924138368
55200 -4.13261780702699 0.0776578965107072 -4.2102757035377 2.92540478287667
55300 -4.13307143161275 0.0776782168238941 -4.21074964843664 2.92532878408722
55400 -4.13264896524395 0.0780616761079554 -4.2107106413519 2.92495390338225
55500 -4.13299332395217 0.0773491754359352 -4.21034249938811 2.92482317066426
55600 -4.13199572663724 0.0781348369867641 -4.210130563624 2.92529094519684
55700 -4.13174901881867 0.0783466524387937 -4.21009567125747 2.92569077717731
55800 -4.13305852829628 0.0774310876246359 -4.21048961592091 2.92539156564579
55900 -4.1328956337575 0.0785481190259897 -4.21144375278349 2.92513113948402
56000 -4.13324025018532 0.0774256411494713 -4.21066589133479 2.92543766669629
56100 -4.13372862074318 0.0776145981208667 -4.21134321886404 2.92469767180603
56200 -4.13534960967734 0.0759221007664286 -4.21127171044376 2.92465018736674
56300 -4.13486903272429 0.0769840316078918 -4.21185306433218 2.92449482629331
56400 -4.13532008425842 0.0780294360889489 -4.21334952034737 2.92391561870479
56500 -4.13518105153699 0.0764021552076905 -4.21158320674468 2.92479261437919
56600 -4.13586321428125 0.0765387170159548 -4.2124019312972 2.92463535203975
56700 -4.13465657347586 0.0781893648299118 -4.21284593830577 2.92370333627854
56800 -4.13375423121038 0.0780681347946164 -4.211822366005 2.9241252258431
56900 -4.13479626004746 0.0767188204570041 -4.21151508050446 2.92505902630404
57000 -4.13376320201684 0.0786991007336579 -4.21246230275049 2.92442794789191
57100 -4.13470457595696 0.07709284978502 -4.21179742574198 2.9247007656353
57200 -4.13489165743641 0.077716401809719 -4.21260805924613 2.92432854269032
57300 -4.13385895435712 0.0776352155251656 -4.21149416988228 2.92466994020011
57400 -4.13551988810473 0.0766766664643028 -4.21219655456903 2.92496678794666
57500 -4.13603567157268 0.0764869658640801 -4.21252263743676 2.92485218841747
57600 -4.13328911641518 0.0787331421718618 -4.21202225858704 2.92509854625486
57700 -4.1354030369512 0.076733021081741 -4.21213605803294 2.92513641028008
57800 -4.13386118193659 0.0769216249482041 -4.21078280688479 2.92570017260371
57900 -4.13353794226629 0.0771198043285804 -4.21065774659487 2.92550882610874
58000 -4.1342637660144 0.0770580169659254 -4.21132178298032 2.92517667173875
58100 -4.13434360004958 0.0779125487813454 -4.21225614883093 2.92482636543809
58200 -4.13441521858866 0.0767392907789435 -4.2111545093676 2.92569584925348
58300 -4.13453069502563 0.0767342658741264 -4.21126496089976 2.92581681316529
58400 -4.13399297530055 0.0770069737976242 -4.21099994909817 2.92608921674801
58500 -4.13228676317936 0.0777163421447365 -4.2100031053241 2.92664633476004
58600 -4.13356595920453 0.0785451574035444 -4.21211111660808 2.92528269276782
58700 -4.13314853162166 0.0764975289148236 -4.20964606053649 2.92636819072907
58800 -4.13176646127822 0.0784376674887679 -4.21020412876699 2.92617022310643
58900 -4.13314760256983 0.0775216426049729 -4.2106692451748 2.92584186641963
59000 -4.13260691902593 0.0783804868588878 -4.21098740588481 2.92562634895508
59100 -4.13305537469991 0.0786101802356038 -4.21166555493551 2.92537145438043
59200 -4.13384411081023 0.0772900337035926 -4.21113414451382 2.92591384796162
59300 -4.13326543787219 0.0779997112093296 -4.21126514908152 2.92588182566627
59400 -4.13494099195748 0.0769548941714721 -4.21189588612895 2.92592074389853
59500 -4.13568157475124 0.0770698804048967 -4.21275145515614 2.92572401633788
59600 -4.13315383834144 0.0778837013977355 -4.21103753973918 2.92638335501659
59700 -4.13473728071076 0.0787271609708921 -4.21346444168165 2.92529928852075
59800 -4.13242756135754 0.0786379894606965 -4.21106555081824 2.92632902229756
59900 -4.13390927084342 0.0775909901762336 -4.21150026101966 2.92572296353865
60000 -4.13416607324656 0.0768233486254065 -4.21098942187197 2.92580321909907
60100 -4.13339928993094 0.0791687512378413 -4.21256804116878 2.92479793430141
60200 -4.13404508904481 0.0783114412601713 -4.21235653030498 2.92518419753608
60300 -4.13501965579045 0.0771773789400742 -4.21219703473052 2.92509589488733
60400 -4.13542650896545 0.0759298117090531 -4.2113563206745 2.92588293924382
60500 -4.13569822357948 0.0774051857382348 -4.21310340931772 2.92558485602464
60600 -4.13727660976857 0.0751413928239487 -4.21241800259252 2.92591021789988
60700 -4.1346140611611 0.0778719370481772 -4.21248599820928 2.92529748789621
60800 -4.13606601402536 0.076430970747877 -4.21249698477324 2.9250409808033
60900 -4.13335118083361 0.0783126887977104 -4.21166386963132 2.92536908771254
61000 -4.13391284628705 0.0782210629505311 -4.21213390923758 2.924936792826
61100 -4.13636454483921 0.0761929705066268 -4.21255751534584 2.92470931275796
61200 -4.13543061487938 0.0760527715677611 -4.21148338644714 2.92540946872521
61300 -4.13515930996996 0.0771153582154347 -4.21227466818539 2.925083174749
61400 -4.13494126137358 0.0771379784125603 -4.21207923978614 2.92567734243218
61500 -4.13402343277219 0.0766934873484626 -4.21071692012065 2.92667140483529
61600 -4.13271242666413 0.0781549511034468 -4.21086737776758 2.92634567672948
61700 -4.13219279535701 0.0783430789623815 -4.21053587431939 2.92604866357177
61800 -4.13180214224562 0.0803660493389289 -4.21216819158455 2.92509473254742
61900 -4.13160861909579 0.0784020708632641 -4.21001068995906 2.92616291600002
62000 -4.12983097090187 0.0791081930662111 -4.20893916396808 2.92654795740907
62100 -4.13382360718873 0.0778104583796416 -4.21163406556837 2.92531061191699
62200 -4.1335976699082 0.0773490893644907 -4.21094675927269 2.92561609919951
62300 -4.13448477309253 0.0782029157289874 -4.21268768882152 2.92490156399933
62400 -4.13377553142823 0.0773953959498702 -4.2111709273781 2.92613670338907
62500 -4.13552719120873 0.0772787329614341 -4.21280592417016 2.92541288674235
62600 -4.1349009777617 0.0773359554244298 -4.21223693318613 2.92578539532419
62700 -4.13423030927942 0.0773419367715111 -4.21157224605093 2.92597090576355
62800 -4.13270235707486 0.0773792453377893 -4.21008160241265 2.92650430080168
62900 -4.13289398001041 0.0780560444727983 -4.21095002448321 2.92587259358944
63000 -4.13309103912009 0.0783075195133308 -4.21139855863342 2.9256442639934
63100 -4.13306556661929 0.0769162779728032 -4.20998184459209 2.9266499932476
63200 -4.13550534273699 0.0776126475179221 -4.21311799025491 2.92472751423759
63300 -4.13495430032719 0.0765563288135411 -4.21151062914073 2.9255868716585
63400 -4.13526304202856 0.0786604782326159 -4.21392352026118 2.92454341030605
63500 -4.13569631279249 0.0750400092477119 -4.2107363220402 2.92570483078432
63600 -4.13383840924655 0.0778247907710123 -4.21166320001756 2.92524154985811
63700 -4.13451382585521 0.078064407184112 -4.21257823303933 2.92437077841796
63800 -4.13361612845748 0.0769354268052311 -4.21055155526271 2.92516296377099
63900 -4.13238289972655 0.0788367248536432 -4.2112196245802 2.92527858103808
64000 -4.13291954523658 0.0778049297390235 -4.2107244749756 2.92502521332497
64100 -4.13484323947076 0.0773481566949253 -4.21219139616569 2.92417566585438
64200 -4.13318221842422 0.077728998378706 -4.21091121680292 2.9249854895834
64300 -4.13488091653267 0.0776179632203653 -4.21249887975304 2.92454286687181
64400 -4.13440333284746 0.0771482446719916 -4.21155157751945 2.92511659322635
64500 -4.13507108548002 0.0781706745367678 -4.21324176001679 2.92430248472441
64600 -4.13596004709064 0.0764195841309216 -4.21237963122156 2.92480342834746
64700 -4.13384172745246 0.0766804515679157 -4.21052217902037 2.92517454555757
64800 -4.13305664825225 0.0784612361704236 -4.21151788442268 2.92459154111717
64900 -4.1329900641163 0.0790355077365895 -4.21202557185289 2.92452349485609
65000 -4.1335980829603 0.0777379591578905 -4.21133604211819 2.9250297491588
65100 -4.1326321398305 0.0773938405543998 -4.2100259803849 2.92595879857974
65200 -4.13482484867224 0.0778698630584672 -4.21269471173071 2.92451665155354
65300 -4.13362468942765 0.0772110273162291 -4.21083571674388 2.92464221944152
65400 -4.13404792756384 0.0767090014512486 -4.21075692901509 2.924731604707
65500 -4.1342345441704 0.0767875853790807 -4.21102212954948 2.92502424375579
65600 -4.13433510363394 0.0769580982303543 -4.21129320186429 2.92529444476198
65700 -4.13523437015003 0.0779091759785642 -4.2131435461286 2.92427220928657
65800 -4.13466921749982 0.0767739793382943 -4.21144319683812 2.92516922473918
65900 -4.13476756135697 0.078077435099458 -4.21284499645643 2.92458509180516
66000 -4.13419328217846 0.0768998443813963 -4.21109312655986 2.92512588001361
66100 -4.1338773977211 0.0777598255051278 -4.21163722322623 2.92505197872302
66200 -4.13242016939795 0.0787758525961477 -4.2111960219941 2.92544926625269
66300 -4.13476527288059 0.0777863518553067 -4.2125516247359 2.92463915450167
66400 -4.13745080273506 0.0760639775421824 -4.21351478027725 2.92371113696204
66500 -4.13479472403603 0.0771969644590144 -4.21199168849505 2.92483632693349
66600 -4.13743176100761 0.0753953871023396 -4.21282714810995 2.92403917344605
66700 -4.13824126677551 0.0753500915453053 -4.21359135832081 2.92388060083306
66800 -4.13728725336445 0.0766482549035963 -4.21393550826804 2.92381687110686
66900 -4.13460729816392 0.0776304020861842 -4.2122377002501 2.92452756275302
67000 -4.13418781830254 0.0759327837720376 -4.21012060207458 2.92548312731511
67100 -4.1349097473327 0.0774022281570827 -4.21231197548978 2.92424648205098
67200 -4.13327429623496 0.0771298945607073 -4.21040419079567 2.92511886641045
67300 -4.13436143557877 0.0770796713664979 -4.21144110694527 2.92467981944589
67400 -4.13323019303987 0.0773559045793227 -4.21058609761919 2.9256206392271
67500 -4.13578695140731 0.0769488813984136 -4.21273583280572 2.92480760331009
67600 -4.13553692539058 0.0765551067089787 -4.21209203209956 2.92469492291758
67700 -4.13647366783962 0.0759354213288033 -4.21240908916842 2.9241989939373
67800 -4.13514961292041 0.0771279186828 -4.21227753160321 2.92454898522027
67900 -4.13411797986371 0.0768130169135089 -4.21093099677722 2.92525001007128
68000 -4.13368253001129 0.0779320122948527 -4.21161454230615 2.92479075414821
68100 -4.13363628444478 0.0783525649417907 -4.21198884938657 2.92481556476495
68200 -4.13283728449616 0.0784400049312272 -4.21127728942739 2.92507186528309
68300 -4.1336052686486 0.0782949378284463 -4.21190020647704 2.92458603282287
68400 -4.13226154240235 0.078588527204554 -4.2108500696069 2.92442103751325
68500 -4.13353528154623 0.0775392580795034 -4.21107453962573 2.92445275846091
68600 -4.1339995015713 0.0782286627573735 -4.21222816432867 2.92454671940612
68700 -4.13044945063782 0.0796002262478829 -4.2100496768857 2.92528490059624
68800 -4.13112182006936 0.0781822746446758 -4.20930409471403 2.92570880723827
68900 -4.13614616825734 0.0767642469465855 -4.21291041520393 2.9235787726425
69000 -4.135177778988 0.0771249544985671 -4.21230273348657 2.92382089253591
69100 -4.13525475782107 0.0767073159211366 -4.21196207374221 2.92416487980084
69200 -4.13465605693513 0.0776014346069958 -4.21225749154212 2.92444008440352
69300 -4.13535434334198 0.0765590292939489 -4.21191337263593 2.92453329259935
69400 -4.13603017635002 0.0767791970727126 -4.21280937342273 2.92429912451715
69500 -4.13418254428957 0.0782600509668157 -4.21244259525639 2.9238044271855
69600 -4.13306539327394 0.0779950590040859 -4.21106045227803 2.92417633749174
69700 -4.13391962269519 0.0777920462128719 -4.21171166890807 2.92451647666092
69800 -4.13480497430464 0.0771871764448963 -4.21199215074953 2.92455903151031
69900 -4.13382566449347 0.0779184667558998 -4.21174413124937 2.92452130120202
70000 -4.13023282615445 0.0790686664524579 -4.20930149260691 2.9250426310736
70100 -4.13255582836851 0.078648350948016 -4.21120417931653 2.92426757978195
70200 -4.13395130720363 0.0774907013152839 -4.21144200851891 2.92475575633758
70300 -4.1330749987559 0.0773279393861262 -4.21040293814203 2.92534227683324
70400 -4.13210263914623 0.0783295216931194 -4.21043216083935 2.92547406067075
70500 -4.13297719490591 0.0778499930580544 -4.21082718796396 2.92493537745907
70600 -4.13491562772341 0.0775409886018838 -4.21245661632529 2.9237925351127
70700 -4.1336000658744 0.0783897394821053 -4.21198980535651 2.92353699987005
70800 -4.13353887699009 0.0771267239328162 -4.2106656009229 2.92513414179512
70900 -4.13287966658534 0.0784037992001754 -4.21128346578552 2.92489741581409
71000 -4.1329391069288 0.0782926888731851 -4.21123179580199 2.92472136214878
71100 -4.13430887617544 0.0786094078215759 -4.21291828399702 2.92411184866473
71200 -4.13466833216407 0.0777957442370639 -4.21246407640113 2.92405442658244
71300 -4.13418847370612 0.0780229481121642 -4.21221142181828 2.92350025269054
71400 -4.13521513250089 0.077139525975352 -4.21235465847624 2.92434068555456
71500 -4.13474853572193 0.0775996311911725 -4.21234816691311 2.92426418545156
71600 -4.13586775746575 0.0770161751501744 -4.21288393261592 2.92429599212993
71700 -4.13492349443815 0.0769569021565924 -4.21188039659474 2.92461356875247
71800 -4.13316470514078 0.0783625001529516 -4.21152720529373 2.9244721115241
71900 -4.13488399866084 0.0775403750273066 -4.21242437368815 2.92435907716098
72000 -4.13300685125646 0.078209719911463 -4.21121657116793 2.92550951455112
72100 -4.1340553606383 0.0775137105500207 -4.21156907118832 2.92513961260705
72200 -4.13514199027314 0.0769949138827227 -4.21213690415586 2.92492616296556
72300 -4.13328148877387 0.0778681930637708 -4.21114968183764 2.92526548931982
72400 -4.13326259647925 0.0781950691513007 -4.21145766563055 2.9252519564842
72500 -4.13458548408103 0.0775918692688604 -4.2121773533499 2.92475774148705
72600 -4.13466988267754 0.0779752168457516 -4.21264509952329 2.92464076547684
72700 -4.13210221655956 0.0786803514898096 -4.21078256804937 2.92531653103102
72800 -4.13209392108679 0.0783262548662023 -4.21042017595299 2.92560602009326
72900 -4.1330160070429 0.0781851136328976 -4.2112011206758 2.92495922693075
73000 -4.13251487715526 0.0772080948864818 -4.20972297204174 2.92524585719431
73100 -4.13341531559433 0.0785586209801231 -4.21197393657445 2.92424712163792
73200 -4.1330542616291 0.0783481784107315 -4.21140244003983 2.92467974707393
73300 -4.13510827410051 0.0763710547811311 -4.21147932888164 2.92503771137769
73400 -4.13675928496073 0.0764455999257848 -4.21320488488652 2.92434340198099
73500 -4.13356214646014 0.07783925229458 -4.21140139875472 2.92527089208814
73600 -4.13369584635211 0.0779202305711823 -4.21161607692329 2.92521260309289
73700 -4.13465267651057 0.0774339920742136 -4.21208666858479 2.92524664464597
73800 -4.13451186747295 0.0771508106185964 -4.21166267809155 2.92553329629424
73900 -4.13358038542296 0.0780223369577745 -4.21160272238073 2.92581738222395
74000 -4.13386532449125 0.0781634776481785 -4.21202880213943 2.92537795650561
74100 -4.13769335931497 0.0755095084914222 -4.21320286780639 2.92450907311561
74200 -4.13549204009075 0.0762528703761053 -4.21174491046686 2.92527118326303
74300 -4.13067513199175 0.0788961389980764 -4.20957127098983 2.92654414097489
74400 -4.13157985702105 0.0794956893121967 -4.21107554633324 2.92542305131477
74500 -4.13121051180322 0.078713521537335 -4.20992403334055 2.92659827553315
74600 -4.13131355720343 0.0789591753503003 -4.21027273255373 2.92644818147666
74700 -4.13191321697664 0.0785893857186325 -4.21050260269528 2.92661765702921
74800 -4.13384027726273 0.0778609764833688 -4.21170125374609 2.92625315454938
74900 -4.13477299373658 0.0770388873567535 -4.21181188109334 2.92574752052783
75000 -4.13246774234059 0.0789175122078946 -4.21138525454849 2.92556377503023
75100 -4.13218388782999 0.0782743463990715 -4.21045823422906 2.92606841885869
75200 -4.13420220359347 0.0775599721888918 -4.21176217578236 2.92563865575933
75300 -4.13277549098991 0.0779751801965786 -4.21075067118649 2.92701719245691
75400 -4.1332577939405 0.0772377287990916 -4.21049552273959 2.92678279171227
75500 -4.13337756292027 0.0788715535371759 -4.21224911645745 2.92552944578673
75600 -4.13277198387815 0.0782094196702128 -4.21098140354836 2.92594441649049
75700 -4.13484911417403 0.0776740779772109 -4.21252319215124 2.92569011635175
75800 -4.13410614895729 0.0775594626939256 -4.21166561165121 2.92651373779151
75900 -4.13574739994907 0.0763028942523687 -4.21205029420144 2.92636072163387
76000 -4.13456970064514 0.0773541228312642 -4.21192382347641 2.92581025480173
76100 -4.13185659304257 0.0795002815232376 -4.21135687456581 2.92581640748552
76200 -4.13190086987198 0.0795684299977839 -4.21146929986976 2.92583370211741
76300 -4.13472240739029 0.0762723383786443 -4.21099474576893 2.92635433740405
76400 -4.1334642047284 0.0777998224942195 -4.21126402722262 2.92707573451169
76500 -4.13536112561039 0.0776695788321629 -4.21303070444256 2.92576879579502
76600 -4.13384588422402 0.0770280538670464 -4.21087393809106 2.92642441640461
76700 -4.13265532864142 0.0783656534461157 -4.21102098208754 2.92612843067812
76800 -4.13236704606186 0.0781911324465049 -4.21055817850836 2.92676066806027
76900 -4.13294496047329 0.078757193102017 -4.21170215357531 2.92622610536371
77000 -4.13466005346626 0.077143291154832 -4.21180334462109 2.92633225839176
77100 -4.13494855688608 0.0765875973336495 -4.21153615421973 2.92585748204229
77200 -4.13416586386599 0.0773039494049529 -4.21146981327095 2.92564811986667
77300 -4.13265849278977 0.0783655879309425 -4.21102408072072 2.92577731481254
77400 -4.13415709012026 0.0771070299668906 -4.21126412008715 2.92584003874724
77500 -4.13313512506857 0.0781610015077868 -4.21129612657636 2.92607765353304
77600 -4.13284410859699 0.0788430509826516 -4.21168715957964 2.92592206796675
77700 -4.13320538659806 0.0777167845357419 -4.2109221711338 2.92590561309536
77800 -4.13257550396481 0.0786640027615961 -4.21123950672641 2.92577836080128
77900 -4.13281669523452 0.0782924568424111 -4.21110915207693 2.92569711281528
78000 -4.13392556894394 0.0784347813170542 -4.21236035026099 2.92528325393082
78100 -4.1331832702112 0.0789085267395034 -4.21209179695071 2.92529353669475
78200 -4.13298063207481 0.0783296074834496 -4.21131023955826 2.92544931946493
78300 -4.13137319936998 0.0784105639967855 -4.20978376336676 2.92608038980556
78400 -4.13208196208718 0.0788965746911855 -4.21097853677837 2.92602773657126
78500 -4.13262233051247 0.0781927824214014 -4.21081511293387 2.9257520638788
78600 -4.13171161862303 0.0785493747618574 -4.21026099338489 2.92608500773533
78700 -4.13315948892161 0.0768506088850523 -4.21001009780667 2.92618101346241
78800 -4.13421140427084 0.0771981201511673 -4.21140952442201 2.92537092881641
78900 -4.13488802759681 0.0771243178625652 -4.21201234545937 2.92485623047639
79000 -4.13346690933727 0.0777669607945936 -4.21123387013186 2.92550874247268
79100 -4.13212101183407 0.0789134288309594 -4.21103444066503 2.92535822201961
79200 -4.13275980838187 0.0776519673204897 -4.21041177570236 2.92549927907409
79300 -4.13188831510204 0.0786230730003487 -4.21051138810239 2.92569201833369
79400 -4.13150818879147 0.0779700523758973 -4.20947824116737 2.92590348982151
79500 -4.1340655962862 0.0764715246082942 -4.21053712089449 2.92488290397445
79600 -4.1341171016579 0.0787716517765457 -4.21288875343445 2.92368032542011
79700 -4.13337408643513 0.0773839625926205 -4.21075804902775 2.92464403326979
79800 -4.13407625067146 0.0778323864952801 -4.21190863716673 2.92459555908555
79900 -4.13465699402828 0.0771312197623825 -4.21178821379066 2.92506312158824
80000 -4.13440333372388 0.0775163944033857 -4.21191972812726 2.9251932567503
80100 -4.13424351774962 0.0779399671749441 -4.21218348492456 2.92484361852092
80200 -4.13291257807834 0.0774473472770128 -4.21035992535535 2.92546769300099
80300 -4.13420759885772 0.0776138840137297 -4.21182148287145 2.92445153073339
80400 -4.13438526443228 0.077722220874638 -4.21210748530692 2.92442404027702
80500 -4.13423096074437 0.0776981313500967 -4.21192909209446 2.92443850227199
80600 -4.13453010129014 0.07728551674887 -4.21181561803901 2.9247758891049
80700 -4.13379430056306 0.077036218647816 -4.21083051921087 2.92574289243833
80800 -4.13280996869655 0.0780778887676069 -4.21088785746416 2.92534584922749
80900 -4.13471062015533 0.0767916988285237 -4.21150231898386 2.92512174200848
81000 -4.13307463337637 0.0768419842134375 -4.2099166175898 2.92535715140446
81100 -4.13159933788839 0.0784031574989371 -4.21000249538733 2.92547335927952
81200 -4.13423200769441 0.0769915140675474 -4.21122352176196 2.92516246426024
81300 -4.13354234126067 0.0777445937967231 -4.21128693505739 2.92497217628964
81400 -4.13241495177506 0.0777704326410202 -4.21018538441608 2.92563457469994
81500 -4.13257967986609 0.0778705184514981 -4.21045019831759 2.92568290620662
81600 -4.13451075254661 0.0768346377590877 -4.2113453903057 2.92503384603718
81700 -4.13476786058623 0.0774928293030892 -4.21226068988932 2.92442268134479
81800 -4.13300542102812 0.0769193070274162 -4.20992472805553 2.92586073790572
81900 -4.13213460190165 0.0787664243132481 -4.2109010262149 2.9251717727403
82000 -4.13361843009811 0.0777148387230539 -4.21133326882116 2.92533628563011
82100 -4.13168868443437 0.0786055171778907 -4.21029420161226 2.92573041460008
82200 -4.13407125387164 0.0778755433856384 -4.21194679725727 2.92512879725257
82300 -4.13440446116827 0.0768139092084432 -4.21121837037671 2.92520460959748
82400 -4.13327539616149 0.0790244377363633 -4.21229983389786 2.92479762827297
82500 -4.13180720411648 0.0788180849618703 -4.21062528907835 2.92553287384878
82600 -4.13137974507526 0.0782393539421782 -4.20961909901744 2.925646529127
82700 -4.13303615954677 0.0776839489159387 -4.21072010846271 2.92536395283787
82800 -4.13480855918156 0.0777434842974773 -4.21255204347904 2.92486505037207
82900 -4.13234026625034 0.0785558231853087 -4.21089608943565 2.92575101412177
83000 -4.13388953369601 0.0779489355128275 -4.21183846920884 2.92499635824425
83100 -4.13333762716683 0.078589508634218 -4.21192713580105 2.92459519313678
83200 -4.13246411284013 0.0781428134138187 -4.21060692625395 2.92509456490676
83300 -4.13208103320168 0.0785159358855285 -4.21059696908721 2.92489357135016
83400 -4.13166706547009 0.0788257805204139 -4.2104928459905 2.92507421122468
83500 -4.13213566748947 0.0780702136220174 -4.21020588111148 2.92555151015047
83600 -4.13261617465252 0.0782289782884153 -4.21084515294093 2.9253863074768
83700 -4.13324657440944 0.0784078926622074 -4.21165446707164 2.92495117452641
83800 -4.13417930493136 0.077075293946982 -4.21125459887834 2.92496288969432
83900 -4.13439750418391 0.0779559550521036 -4.21235345923601 2.92425992515167
84000 -4.13581886876517 0.0762467436184191 -4.21206561238359 2.9241980236492
84100 -4.13423887887167 0.0773665791886703 -4.21160545806034 2.92462966419684
84200 -4.13393962448349 0.0778846788593495 -4.21182430334284 2.92493949360737
84300 -4.1328204876954 0.0777297439718354 -4.21055023166724 2.92519467520718
84400 -4.13258803062671 0.0773746424084108 -4.20996267303512 2.92488416173145
84500 -4.13143160611546 0.0796667190797786 -4.21109832519524 2.92455668298192
84600 -4.13275296698935 0.0783183761096112 -4.21107134309896 2.92485792589972
84700 -4.1324678380109 0.078780477348432 -4.21124831535933 2.92500911420316
84800 -4.13410642384148 0.078776160000089 -4.21288258384157 2.9245840172109
84900 -4.13424667051266 0.0783120180403151 -4.21255868855298 2.92460759127501
85000 -4.13535609096318 0.0773722626731509 -4.21272835363633 2.92462258917093
85100 -4.13613222947062 0.0774571768295494 -4.21358940630017 2.924109531522
85200 -4.134030575516 0.0774714810531414 -4.21150205656914 2.92522331632957
85300 -4.13265237978032 0.0790859532763204 -4.21173833305664 2.92460938501923
85400 -4.13301112006734 0.0787358843453578 -4.2117470044127 2.92466722305099
85500 -4.13192957712946 0.0793537722114287 -4.21128334934089 2.92475676837068
85600 -4.13515350429376 0.0771026775237206 -4.21225618181748 2.92446689805333
85700 -4.13480461700628 0.0762778822294929 -4.21108249923577 2.92550602312649
85800 -4.13576639392347 0.0762842107923081 -4.21205060471578 2.92493763201453
85900 -4.1349448566034 0.0766973487254532 -4.21164220532885 2.92528008486058
86000 -4.13464216209725 0.0777436890198024 -4.21238585111705 2.92499119673342
86100 -4.1337568270947 0.0774779873285508 -4.21123481442326 2.9252119745828
86200 -4.13371762082294 0.0769575975222773 -4.21067521834522 2.92544161916482
86300 -4.13317180874925 0.0781644568768125 -4.21133626562607 2.92538343305118
86400 -4.13471394021238 0.077723646516015 -4.2124375867284 2.92478958564042
86500 -4.13529350363202 0.0773498257174649 -4.21264332934949 2.92440849153997
86600 -4.13466619861011 0.0764937661314097 -4.21115996474152 2.9249854641906
86700 -4.13375854643666 0.0774690895514996 -4.21122763598816 2.92515841638665
86800 -4.13325569853575 0.0787265523910978 -4.21198225092685 2.92481443802523
86900 -4.13159271931008 0.0778664755877798 -4.20945919489786 2.92583047019278
87000 -4.13293638139031 0.0764101985106353 -4.20934657990094 2.92584230123304
87100 -4.13423352771207 0.0781070558116549 -4.21234058352372 2.92398724171547
87200 -4.13537248006646 0.0767860908483566 -4.21215857091482 2.92420991643725
87300 -4.13437251759244 0.0766933196537881 -4.21106583724623 2.92498946728566
87400 -4.13606036634204 0.0772817642728683 -4.21334213061491 2.92454959503742
87500 -4.13412307507515 0.077859636997562 -4.21198271207271 2.92514846533571
87600 -4.13403024548378 0.0773931189060793 -4.21142336438986 2.92554711159662
87700 -4.1335324708501 0.076833765826697 -4.2103662366768 2.92579261288388
87800 -4.13431033918508 0.0776732613098417 -4.21198360049492 2.92521403627772
87900 -4.13239223492869 0.0785822082511612 -4.21097444317985 2.92566011594757
88000 -4.13376077781337 0.0778642929579357 -4.21162507077131 2.92555286002551
88100 -4.13504816224786 0.0768468835589158 -4.21189504580678 2.92553020703146
88200 -4.13553582260873 0.0768263629098358 -4.21236218551857 2.92510691359726
88300 -4.13568779434965 0.0767447279935105 -4.21243252234316 2.92505253790845
88400 -4.1346936693696 0.0778776112891983 -4.2125712806588 2.92487472299655
88500 -4.13310195278574 0.0784396426928501 -4.21154159547859 2.92569110177333
88600 -4.13580047654928 0.0776458654350896 -4.21344634198437 2.92462478718351
88700 -4.13444792844786 0.0776074534175224 -4.21205538186539 2.92558882937676
88800 -4.13573619292336 0.0762105642250819 -4.21194675714844 2.92580717302165
88900 -4.13514971874557 0.0768130922258545 -4.21196281097143 2.92590598537286
89000 -4.13646723890129 0.0770967667548393 -4.21356400565613 2.92531268624768
89100 -4.13407280607517 0.0773937150068506 -4.21146652108202 2.92649015016396
89200 -4.13369196437631 0.0779121484541247 -4.21160411283044 2.92599606062358
89300 -4.13426735739784 0.0775054009379803 -4.21177275833582 2.92549259703148
89400 -4.13483226934508 0.076413965327334 -4.21124623467241 2.92567756239549
89500 -4.13362660660664 0.0761596305658185 -4.20978623717245 2.92676164151846
89600 -4.1341922072072 0.0781775541497009 -4.2123697613569 2.92649560829104
89700 -4.13509365302454 0.0774951847919355 -4.21258883781647 2.92601758306075
89800 -4.13388934527484 0.0774485221519998 -4.21133786742684 2.92603539211364
89900 -4.13582445293234 0.0769698728088597 -4.2127943257412 2.9252308895083
90000 -4.13597965321306 0.0766932812770915 -4.21267293449015 2.92555175885753
90100 -4.13483064243327 0.0772952022811253 -4.2121258447144 2.92654557558089
90200 -4.13484869512031 0.0767968428624789 -4.21164553798279 2.92609751715171
90300 -4.13505243724029 0.077806588742531 -4.21285902598283 2.9250578229134
90400 -4.13444813782269 0.0769926017622942 -4.21144073958498 2.92574315916173
90500 -4.1323476070852 0.0784550877799955 -4.2108026948652 2.92611736189184
90600 -4.13471257238681 0.0773845225899077 -4.21209709497672 2.92606878903995
90700 -4.13488456976445 0.0766468171199868 -4.21153138688444 2.92613324440553
90800 -4.13715731266865 0.0757085569456827 -4.21286586961433 2.92520868668959
90900 -4.13439926170615 0.0779386801338262 -4.21233794183998 2.92524107999491
91000 -4.13484522012863 0.0774907893054375 -4.21233600943407 2.92512430681779
91100 -4.13593887515822 0.076425385778387 -4.2123642609366 2.92567454552872
91200 -4.13580519786526 0.0771543004510399 -4.2129594983163 2.92559252012125
91300 -4.1354643243325 0.077006666483855 -4.21247099081636 2.92536202895225
91400 -4.13469700315689 0.077233538426755 -4.21193054158365 2.92514966960144
91500 -4.13621521268746 0.0752435369522676 -4.21145874963972 2.92519688736099
91600 -4.13561264864608 0.0772872041218319 -4.21289985276791 2.92481862803076
91700 -4.1347021977139 0.0775463296431745 -4.21224852735708 2.92499805513774
91800 -4.1344743422294 0.0766397382185931 -4.211114080448 2.92544276250013
91900 -4.1332050081845 0.0782167827582774 -4.21142179094278 2.92532165349054
92000 -4.13394005109546 0.0792685666167217 -4.21320861771218 2.92466332429353
92100 -4.13347384298082 0.0774008597991266 -4.21087470277995 2.92535640432874
92200 -4.13398769996376 0.0776296255791056 -4.21161732554287 2.92499579160934
92300 -4.13394697175237 0.0771592946016076 -4.21110626635398 2.92516381616308
92400 -4.13432580234619 0.0771238972951724 -4.21144969964136 2.92495572773062
92500 -4.13359564993478 0.0780642970202261 -4.21165994695501 2.92508177131381
92600 -4.13481355717126 0.07723288937423 -4.21204644654549 2.92501425086818
92700 -4.133584960341 0.0773542269063708 -4.21093918724737 2.92527964920725
92800 -4.1357875687562 0.0766232120381777 -4.21241078079438 2.92492546390664
92900 -4.13538045548618 0.0769199246365713 -4.21230038012276 2.92505893927909
93000 -4.13548900088063 0.0767475014711137 -4.21223650235174 2.92564588086792
93100 -4.13396253859457 0.0774577727434766 -4.21142031133805 2.92636191286524
93200 -4.13578756440516 0.0773265130058116 -4.21311407741097 2.92558987537297
93300 -4.13544464429463 0.0774279307067991 -4.21287257500143 2.92551405260643
93400 -4.13385535885719 0.0783508597131233 -4.21220621857031 2.92555057085332
93500 -4.13439838583787 0.0768529214454354 -4.21125130728331 2.92559500919978
93600 -4.13273204406554 0.0780942980271657 -4.2108263420927 2.92602145391905
93700 -4.13305461238167 0.078064036713793 -4.21111864909547 2.92533757747436
93800 -4.13494926030213 0.0779764398771545 -4.21292570017929 2.92470733966219
93900 -4.13431022899068 0.0771328168164874 -4.21144304580717 2.92564068358208
94000 -4.13405657161469 0.0762912792728231 -4.21034785088752 2.92599798683015
94100 -4.1355657853871 0.0771416407315385 -4.21270742611864 2.92494474035726
94200 -4.13494712629177 0.077225211511917 -4.21217233780369 2.92526438446143
94300 -4.13504271294071 0.0754948948160231 -4.21053760775674 2.92600080620785
94400 -4.13577805962731 0.0768779843558562 -4.21265604398317 2.92458207726607
94500 -4.13422264503599 0.0776338922821383 -4.21185653731813 2.92493236384972
94600 -4.13384032090709 0.0775779457829213 -4.21141826669002 2.92494064838501
94700 -4.13630271094067 0.0768276378897315 -4.2131303488304 2.92427417744904
94800 -4.13412556442296 0.0774732172942145 -4.21159878171718 2.92474257502255
94900 -4.13472210112746 0.0769640464463105 -4.21168614757377 2.92520288443939
95000 -4.13267068574516 0.0782990455164971 -4.21096973126166 2.92591466247827
95100 -4.13134737435699 0.0798393831144327 -4.21118675747142 2.92583030108053
95200 -4.13547062046434 0.0780616080145192 -4.21353222847886 2.92483077570575
95300 -4.13680826442506 0.0753124774190313 -4.21212074184409 2.92478268860864
95400 -4.13542316081478 0.0765915640828977 -4.21201472489768 2.92480931450128
95500 -4.13421785198812 0.076951159984009 -4.21116901197213 2.92553653415117
95600 -4.13488330940807 0.0772450013925831 -4.21212831080065 2.92484692730485
95700 -4.13396727768274 0.0765015189151682 -4.21046879659791 2.92571431763832
95800 -4.13424732016366 0.0767063554492401 -4.21095367561291 2.92497031712382
95900 -4.13171834973874 0.078255348676912 -4.20997369841565 2.92548193979927
96000 -4.13174654538682 0.0797107073540766 -4.2114572527409 2.92472823206482
96100 -4.13214944358602 0.0787098448322019 -4.21085928841822 2.92505867328528
96200 -4.13383931560326 0.0777646597194273 -4.21160397532269 2.92497045965636
96300 -4.13428291926905 0.0762836745008813 -4.21056659376993 2.92566604106394
96400 -4.13280400533038 0.0778235631736412 -4.21062756850402 2.92543125088
96500 -4.13349624379852 0.0774140340509949 -4.21091027784952 2.92549507586945
96600 -4.1332747805205 0.0783325266598438 -4.21160730718034 2.92502332974458
96700 -4.13470178486979 0.0779202225086138 -4.21262200737841 2.92477021535009
96800 -4.13394905518703 0.0768417337632515 -4.21079078895028 2.92547390727065
96900 -4.13500778009632 0.0770399171742331 -4.21204769727055 2.92488511540785
97000 -4.13580902938324 0.0770439754008531 -4.21285300478409 2.92444920574883
97100 -4.13411538351561 0.0773686808836368 -4.21148406439924 2.92522370824691
97200 -4.13452136409704 0.077940010022457 -4.21246137411949 2.92454047574706
97300 -4.13484134249035 0.0766410458654925 -4.21148238835584 2.92476859029212
97400 -4.13447116123886 0.0770207636178918 -4.21149192485675 2.92432244872839
97500 -4.13524263354392 0.0774506272865053 -4.21269326083043 2.92370202725432
97600 -4.13421608710662 0.0774461705434838 -4.21166225765011 2.92460005772085
97700 -4.13420083825665 0.0771847011442282 -4.21138553940088 2.9249499454501
97800 -4.13214172672447 0.0780491804086851 -4.21019090713315 2.92564124155442
97900 -4.13442287398665 0.0772667799658321 -4.21168965395248 2.92490325591162
98000 -4.13418444600018 0.0781113892405021 -4.21229583524068 2.92402208715732
98100 -4.1342917908424 0.0780814333173471 -4.21237322415974 2.92402659776693
98200 -4.13701053962869 0.0743828637950006 -4.21139340342369 2.92490216900618
98300 -4.135321991744 0.0769652947498837 -4.21228728649388 2.92498438094798
98400 -4.13495683075042 0.0774156112658374 -4.21237244201626 2.92491948224279
98500 -4.13213173970131 0.0792183121761948 -4.2113500518775 2.92517352394813
98600 -4.13447537918468 0.0778438688384065 -4.21231924802309 2.9251095522975
98700 -4.13383459593111 0.0777686752088748 -4.21160327113999 2.9254118607789
98800 -4.13465170305397 0.0770853695142976 -4.21173707256826 2.92513790624799
98900 -4.13291885749866 0.0786656750512381 -4.2115845325499 2.92520648926339
99000 -4.13423021498949 0.0775705399295801 -4.21180075491907 2.92495799659706
99100 -4.13567942427329 0.0776590504773038 -4.21333847475059 2.92419164604477
99200 -4.13640911056566 0.075001429449452 -4.21141054001511 2.92506011162827
99300 -4.13429073697222 0.0778361720415427 -4.21212690901376 2.92456272054809
99400 -4.13337749209373 0.078033543126626 -4.21141103522036 2.92449526491008
99500 -4.1331580733522 0.0777065204953004 -4.2108645938475 2.92499431513738
99600 -4.13341856848535 0.0789906073027734 -4.21240917578812 2.92409617944471
99700 -4.13483302218935 0.0769011207888123 -4.21173414297817 2.92478053501089
99800 -4.13488545081919 0.0763976061172141 -4.2112830569364 2.9247481880742
99900 -4.13479077759638 0.0772848693699728 -4.21207564696635 2.92432101518002
100000 -4.13338021111385 0.0785249863620306 -4.21190519747588 2.92449505817116
