step E [eV/atom] ke [eV/atom] pe [eV/atom] latparam
100 -4.2126341518477 0.0394782002236973 -4.2521123520714 2.90377465399119
200 -4.19804845427747 0.0469108627956377 -4.24495931707311 2.9080936101985
300 -4.19143305287675 0.0493912420406767 -4.24082429491742 2.91037691729795
400 -4.18783842000468 0.051478493190293 -4.23931691319497 2.91140022693241
500 -4.18625971581571 0.0515684153161597 -4.23782813113187 2.91224536509629
600 -4.1865336351167 0.0518528572007839 -4.23838649231748 2.91189857558879
700 -4.18804408875543 0.0511631534455342 -4.23920724220096 2.91084839323635
800 -4.18764171840087 0.0516698108133296 -4.2393115292142 2.91039256375885
900 -4.1878359447756 0.0512079631366167 -4.23904390791222 2.91135929215612
1000 -4.18712033455817 0.0521942448227256 -4.2393145793809 2.91149097314295
1100 -4.18715038629391 0.0516814634167781 -4.23883184971068 2.91178924511703
1200 -4.18710703836914 0.0509989508539487 -4.23810598922309 2.91199216412391
1300 -4.18646192379928 0.0526447134652562 -4.23910663726453 2.91096266936564
1400 -4.18781330015128 0.0515061002989132 -4.23931940045019 2.91073146882671
1500 -4.18756236757981 0.0516501093622725 -4.23921247694208 2.91148261407963
1600 -4.18741248483257 0.0521547031480876 -4.23956718798066 2.91207142814231
1700 -4.18683493697433 0.052146115409049 -4.23898105238337 2.9117610562625
1800 -4.18678953865247 0.0519276261889762 -4.23871716484144 2.91140212326536
1900 -4.18692219399946 0.0518888346729705 -4.23881102867243 2.91105144149166
2000 -4.18647550791472 0.0513403406523775 -4.2378158485671 2.91192379727886
2100 -4.18735375134544 0.0516173631876492 -4.23897111453309 2.9120119842412
2200 -4.18760432352348 0.0516483018717706 -4.23925262539525 2.91191682364011
2300 -4.18670494523794 0.0521473801885066 -4.23885232542645 2.91125676491408
2400 -4.18647954179715 0.0526416397963388 -4.23912118159349 2.91094950459715
2500 -4.18691169607201 0.0512967526657845 -4.2382084487378 2.91169015495161
2600 -4.18861369978226 0.0507643752251657 -4.23937807500743 2.91144972820388
2700 -4.18700322026011 0.0523858714983594 -4.23938909175847 2.91191816096176
2800 -4.18602879418024 0.0523703486159257 -4.23839914279616 2.91202042018913
2900 -4.18596830187822 0.0516752572719598 -4.23764355915018 2.91169555911602
3000 -4.18604315189923 0.0524430093509798 -4.23848616125021 2.91118895730339
3100 -4.18639101390539 0.0519546068642501 -4.23834562076964 2.91177532620395
3200 -4.18724159393294 0.0511098812797421 -4.23835147521268 2.9122209641443
3300 -4.1868287738145 0.0518099740056484 -4.23863874782015 2.91203888106182
3400 -4.18703165403565 0.0518986916565201 -4.23893034569217 2.91107357272708
3500 -4.18698235841885 0.0520226885599563 -4.23900504697881 2.91064879040867
3600 -4.18796418558014 0.0508307493951781 -4.23879493497532 2.91139715523775
3700 -4.18556637556333 0.0520848603709319 -4.23765123593427 2.91248438851198
3800 -4.18690881628465 0.0520514229359166 -4.23896023922057 2.91186344823346
3900 -4.18587286402258 0.0527312107673464 -4.23860407478993 2.91181932075447
4000 -4.1868200329019 0.0518307850281544 -4.23865081793006 2.91076376196547
4100 -4.18611241492467 0.0512482159360389 -4.23736063086071 2.91182560671573
4200 -4.18594385870408 0.0523975221384512 -4.23834138084254 2.91191995769438
4300 -4.18514258301721 0.0527021987894462 -4.23784478180665 2.91240231027247
4400 -4.18639143210315 0.0518498963059754 -4.23824132840912 2.91207412317549
4500 -4.18648407925304 0.0512267232643794 -4.23771080251742 2.91195782737944
4600 -4.18801725728269 0.0515497840839896 -4.23956704136668 2.91043095408964
4700 -4.18780380222959 0.0511305650472145 -4.2389343672768 2.91110698527304
4800 -4.18786050546857 0.0514611287441439 -4.23932163421271 2.91162889554407
4900 -4.18763133948056 0.0510501383386165 -4.23868147781918 2.91206192499125
5000 -4.1873467830747 0.0509036793783642 -4.23825046245306 2.91181808952631
5100 -4.18788225176734 0.0515097555955655 -4.23939200736291 2.91112209616045
5200 -4.18759639955569 0.0514312878900003 -4.23902768744569 2.91112138363063
5300 -4.18871310757065 0.0511412623195235 -4.23985436989018 2.91133149131366
5400 -4.18676837880686 0.0520752195089424 -4.23884359831581 2.91264565780113
5500 -4.18791519610825 0.0510989378702937 -4.23901413397854 2.91176933469684
5600 -4.18730163304814 0.0512937183285376 -4.23859535137668 2.91135853911399
5700 -4.18760902556101 0.0520430181851036 -4.23965204374611 2.91088643423409
5800 -4.18814654183252 0.0513030906221307 -4.23944963245465 2.91134893283391
5900 -4.18730887441388 0.0519341513747485 -4.23924302578862 2.91179753771352
6000 -4.18662719164558 0.0525190482101512 -4.23914623985573 2.91229117530212
6100 -4.187054746505 0.0514775159187137 -4.23853226242372 2.91174315154082
6200 -4.18679387073279 0.0518665680787093 -4.23866043881149 2.91117845417491
6300 -4.18733592872559 0.0516792548899995 -4.23901518361559 2.9111541010429
6400 -4.18625244375412 0.0522817251429907 -4.23853416889711 2.91169762244926
6500 -4.1879025752592 0.0514433540638043 -4.239345929323 2.91172219411924
6600 -4.18759204550539 0.0518130456201998 -4.23940509112559 2.91155484392575
6700 -4.18682940716112 0.0513860381791485 -4.23821544534027 2.91148037095936
6800 -4.18684224940881 0.0521501156122284 -4.23899236502104 2.91049190185448
6900 -4.18696549210319 0.0525593834421055 -4.2395248755453 2.91069795850346
7000 -4.18667758195442 0.0522396449955978 -4.23891722695001 2.91153418620127
7100 -4.18759328857202 0.0519470636662367 -4.23954035223826 2.91130800853992
7200 -4.18573343973146 0.0531348171910198 -4.23886825692248 2.91153209845238
7300 -4.18651227233829 0.0515198581632613 -4.23803213050155 2.91117156113803
7400 -4.1869388435141 0.0522092503821207 -4.23914809389622 2.91078217883507
7500 -4.18579369075456 0.0521618490398982 -4.23795553979445 2.91217826283812
7600 -4.18603202507827 0.0523543417436361 -4.2383863668219 2.91184986781124
7700 -4.18699601954696 0.0516456615468076 -4.23864168109377 2.91165479450726
7800 -4.1861830479344 0.0523282525558233 -4.23851130049022 2.91159896350488
7900 -4.18691280920487 0.0509782845179358 -4.2378910937228 2.91187248236586
8000 -4.18877014265553 0.0512204358838677 -4.2399905785394 2.91086589892264
8100 -4.1874395833477 0.0514516202192596 -4.23889120356696 2.91169568080827
8200 -4.18806781560425 0.0512167105281286 -4.23928452613238 2.9112323085209
8300 -4.18748513640596 0.0521527406983415 -4.2396378771043 2.91121472735844
8400 -4.18755150769321 0.0512996691610327 -4.23885117685424 2.91137993753147
8500 -4.1877640573156 0.0515750921094065 -4.23933914942501 2.91091223546492
8600 -4.18765660433532 0.0513752610003812 -4.2390318653357 2.91098882474634
8700 -4.18803342090534 0.0511665137437239 -4.23919993464906 2.91169738821312
8800 -4.1872946117786 0.0516453505953746 -4.23893996237398 2.91211187845839
8900 -4.18750737456483 0.0516784258303567 -4.23918580039519 2.91133720334153
9000 -4.18701440902073 0.051739709059135 -4.23875411807986 2.91156963706915
9100 -4.18746457238041 0.0516224143143129 -4.23908698669473 2.91123127960749
9200 -4.18642152655299 0.052176921712801 -4.23859844826579 2.91196821054717
9300 -4.18651113054202 0.0513462549730443 -4.23785738551506 2.91343368750965
9400 -4.18694142752027 0.051998429497879 -4.23893985701814 2.91151488305227
9500 -4.1880612676203 0.0512218337456112 -4.23928310136591 2.91091178347423
9600 -4.18730153136481 0.0513248966031735 -4.23862642796798 2.91123011902904
9700 -4.18683602653116 0.0521502622875212 -4.23898628881868 2.9116748926484
9800 -4.18679716085251 0.051320542898141 -4.23811770375065 2.91296819825587
9900 -4.18644079590732 0.0524823016370529 -4.23892309754438 2.91171471294046
10000 -4.18632174964067 0.0524882286124898 -4.23880997825316 2.91162671170479
10100 -4.18621419307218 0.0521035873526327 -4.23831778042482 2.91170314222126
10200 -4.18585327819809 0.0527328029829084 -4.238586081181 2.91156838898198
10300 -4.18589790040042 0.0522793383786275 -4.23817723877905 2.91279078692053
10400 -4.18696159037245 0.0524138736456096 -4.23937546401806 2.91207343834345
10500 -4.18619151973142 0.0523860698966955 -4.23857758962811 2.91172064501152
10600 -4.18595945462836 0.0525230506859515 -4.23848250531431 2.9112645637766
10700 -4.18749010079645 0.051185102376214 -4.23867520317266 2.91161568780348
10800 -4.18655971959354 0.0522013371969952 -4.23876105679053 2.91164989997528
10900 -4.18682626017262 0.0514556250898829 -4.23828188526251 2.91182872301183
11000 -4.18670417168049 0.0520496145386939 -4.23875378621918 2.91164232148377
11100 -4.18590176476653 0.0520079827806878 -4.23790974754721 2.91166861913415
11200 -4.18637753715507 0.0515626741291759 -4.23794021128425 2.91121994042896
11300 -4.18676082277434 0.0515759712289335 -4.23833679400327 2.91199109648563
11400 -4.18854152473016 0.0511611813253287 -4.23970270605549 2.91164614762367
11500 -4.18817479655293 0.0506709235602635 -4.23884572011319 2.91177020728178
11600 -4.18823634198669 0.0513790061033033 -4.23961534808999 2.91070474626268
11700 -4.18765913500375 0.0518507696847885 -4.23950990468854 2.91066046461169
11800 -4.18749833629619 0.0524665761073325 -4.23996491240352 2.91101113984377
11900 -4.18810574196405 0.0512590446406 -4.23936478660465 2.91205491352944
12000 -4.18794542408611 0.0508615862931882 -4.2388070103793 2.91238922723353
12100 -4.18829359962163 0.0509691384799068 -4.23926273810154 2.91130546735926
12200 -4.18785712019449 0.0504345252775745 -4.23829164547207 2.91159607238869
12300 -4.18715759318357 0.0514754538297924 -4.23863304701336 2.91157527141248
12400 -4.18619801250359 0.0520288114950788 -4.23822682399867 2.91178794402274
12500 -4.18624717242794 0.0521444429408595 -4.2383916153688 2.91208422489193
12600 -4.18651542795426 0.0515952869231129 -4.23811071487737 2.91239498043119
12700 -4.1868219384908 0.0514768336554332 -4.23829877214623 2.91179988707837
12800 -4.18759077128394 0.051402358088017 -4.23899312937196 2.91073155448699
12900 -4.18734203293589 0.0521772272115291 -4.23951926014742 2.91068256765551
13000 -4.18735027217308 0.0516303529688291 -4.2389806251419 2.91138324288483
13100 -4.18703120358302 0.051240831238298 -4.23827203482131 2.91221762561643
13200 -4.18776150204219 0.0507875714954556 -4.23854907353765 2.91180914753155
13300 -4.18806400885712 0.0515372714398013 -4.23960128029692 2.91098509216596
13400 -4.18688043581052 0.0516646456408133 -4.23854508145133 2.91134714836197
13500 -4.18551392443168 0.0521091668792038 -4.23762309131088 2.91157298935769
13600 -4.18616686124132 0.0523701636048769 -4.23853702484619 2.91202770281031
13700 -4.18604510555824 0.0524163409669761 -4.23846144652522 2.91212985177533
13800 -4.18839904078009 0.0513019635940581 -4.23970100437415 2.91111995825249
13900 -4.18735830668807 0.0517053654239526 -4.23906367211202 2.91105872953109
14000 -4.18714456671872 0.051319864190428 -4.23846443090915 2.91121512396302
14100 -4.18791933344746 0.0512018440501682 -4.23912117749763 2.9111330329272
14200 -4.18729959296036 0.0516424076337915 -4.23894200059415 2.91196720913907
14300 -4.18717966529226 0.0517103508172094 -4.23889001610947 2.91233700943013
14400 -4.18588424996774 0.0522663911854968 -4.23815064115323 2.91186356164826
14500 -4.18698037594136 0.0525368221096712 -4.23951719805103 2.91069001571324
14600 -4.18644119158692 0.0521454864319662 -4.23858667801889 2.91144917673666
14700 -4.18724560897414 0.0508576923319808 -4.23810330130612 2.91200086567347
14800 -4.18722725393256 0.0507664553695061 -4.23799370930206 2.91264167123855
14900 -4.18774761168454 0.0515977827477944 -4.23934539443234 2.91188563613335
15000 -4.18839314312852 0.0506630244204467 -4.23905616754896 2.91101961779462
15100 -4.18845871793412 0.0510625880364018 -4.23952130597053 2.91065078961689
15200 -4.18800652514726 0.0509632074918527 -4.23896973263911 2.91122031516822
15300 -4.18695367450461 0.05118155881832 -4.23813523332293 2.91192815354518
15400 -4.18724655482209 0.051854260936772 -4.23910081575887 2.91140358354663
15500 -4.18735235977542 0.0520498360866032 -4.23940219586202 2.91125104960445
15600 -4.18877219526562 0.0505440603246681 -4.23931625559029 2.91099651024489
15700 -4.18737020414633 0.0511877282440458 -4.23855793239037 2.91135530472367
15800 -4.18684419167057 0.0523675055554668 -4.23921169722604 2.91114038782742
15900 -4.18794941713261 0.0504597481782866 -4.23840916531089 2.91210669250783
16000 -4.18706498493981 0.0513398793744445 -4.23840486431425 2.91258242897326
16100 -4.18730106773355 0.0516133544477714 -4.23891442218132 2.91165032390855
16200 -4.18629034341119 0.0519693966490074 -4.2382597400602 2.91172083932418
16300 -4.1870796576035 0.0513226542811013 -4.2384023118846 2.91161066607144
16400 -4.18810624563807 0.0515247957188806 -4.23963104135695 2.91078905549272
16500 -4.18738106028055 0.051687211239504 -4.23906827152005 2.9117023414014
16600 -4.18785191670781 0.0514051505947454 -4.23925706730255 2.91218576717433
16700 -4.18684442533192 0.0518326188295236 -4.23867704416144 2.9117578539525
16800 -4.18728896627019 0.0521502651500974 -4.23943923142028 2.91093548746732
16900 -4.1866273811623 0.0512808942520042 -4.23790827541431 2.91174790494788
17000 -4.18681535880293 0.0515244570897607 -4.23833981589269 2.91177975354967
17100 -4.18573848007726 0.0524046578927651 -4.23814313797002 2.91211458807723
17200 -4.18702439461621 0.0521611402373672 -4.23918553485357 2.9114010690774
17300 -4.18669706532946 0.0523910002636287 -4.23908806559308 2.91105485546721
17400 -4.18870471697663 0.0512419763600313 -4.23994669333667 2.91055182018472
17500 -4.18619198642671 0.0521687670279406 -4.23836075345465 2.91176268844125
17600 -4.18700873744632 0.0512696983897007 -4.23827843583603 2.91271103569865
17700 -4.18815914097875 0.0508273760779611 -4.23898651705671 2.91203463510401
17800 -4.18841733971342 0.0509172130361664 -4.23933455274959 2.91114667813129
17900 -4.18889721459142 0.0516204299673342 -4.24051764455875 2.91031617276613
18000 -4.18944276044024 0.0504499818046082 -4.23989274224484 2.91076022442933
18100 -4.18777159978486 0.0517212213234504 -4.23949282110831 2.91114244136459
18200 -4.18890027818893 0.0510794065117574 -4.23997968470069 2.91128365541789
18300 -4.1871940503578 0.0518374452842464 -4.23903149564205 2.91198630872771
18400 -4.18771011138493 0.0510372226771603 -4.23874733406209 2.91172480431985
18500 -4.18682033787584 0.0521477482799374 -4.23896808615578 2.91090807551778
18600 -4.18727339667779 0.0515768208203644 -4.23885021749816 2.91101934002689
18700 -4.18699265928994 0.0521403494086025 -4.23913300869854 2.91138244191835
18800 -4.18709000931634 0.0514855291395785 -4.23857553845592 2.9119728674422
18900 -4.18704184334412 0.0519793835516813 -4.2390212268958 2.91158478145524
19000 -4.1865876052521 0.0530231411684352 -4.23961074642053 2.9111636988299
19100 -4.18653096924376 0.051599493005899 -4.23813046224965 2.91096433336749
19200 -4.18642578721959 0.0515030421460233 -4.23792882936562 2.91159567396547
19300 -4.1875416767304 0.0512698905008151 -4.23881156723122 2.91167074181014
19400 -4.18850254323706 0.0513842113121269 -4.23988675454919 2.91140983674513
19500 -4.18828056946171 0.0512633315413829 -4.23954390100309 2.91124344696818
19600 -4.18679551584392 0.0519083909233095 -4.23870390676723 2.91136566959832
19700 -4.18763128174781 0.0509744519181007 -4.23860573366591 2.9106792050449
19800 -4.18628021240382 0.0527100972312121 -4.23899030963503 2.91133290958293
19900 -4.1872919759222 0.0520701709196904 -4.23936214684189 2.91170529047877
20000 -4.18851784893017 0.0510209624179264 -4.2395388113481 2.91123129581578
20100 -4.18842066272383 0.0506494196238115 -4.23907008234765 2.91149925481575
20200 -4.18755696470831 0.0517994704597932 -4.23935643516811 2.91071557011615
20300 -4.18677323182981 0.0521663114479009 -4.23893954327771 2.91085111723813
20400 -4.18635988566791 0.0520434900953289 -4.23840337576324 2.91190401351258
20500 -4.18606349915935 0.0523265269175955 -4.23839002607694 2.91252751157116
20600 -4.18666234986819 0.051957635420284 -4.23861998528847 2.91199349856739
20700 -4.18704995429429 0.0519166856548047 -4.2389666399491 2.91146340026117
20800 -4.18751131353893 0.0513907844278276 -4.23890209796676 2.91128485286626
20900 -4.18624997674842 0.0527874455495323 -4.23903742229795 2.91149676466333
21000 -4.18758488428154 0.0516557267084704 -4.23924061099001 2.91153197572814
21100 -4.18706453296374 0.0519829915950651 -4.2390475245588 2.91170527910351
21200 -4.18769828207524 0.0516395662099123 -4.23933784828515 2.91108758049952
21300 -4.188030709541 0.0508785412205235 -4.23890925076152 2.91071894346967
21400 -4.18709391994249 0.0514951324383754 -4.23858905238087 2.91113075413569
21500 -4.18834354723831 0.0516094395059899 -4.23995298674429 2.91118355092038
21600 -4.18693932030996 0.0522757501570295 -4.23921507046699 2.9115774860991
21700 -4.18643258090312 0.0516554629393191 -4.23808804384244 2.91216117144335
21800 -4.18726081663351 0.0515834348201462 -4.23884425145366 2.91138719879064
21900 -4.18720476934422 0.0515549761783859 -4.23875974552261 2.91043929032686
22000 -4.1860566959866 0.0517903125905589 -4.23784700857716 2.91180322927328
22100 -4.18525295445629 0.0528496385991636 -4.23810259305545 2.91234404018427
22200 -4.18713044096278 0.0513892139201093 -4.23851965488289 2.91205827279976
22300 -4.18738943899613 0.0511808926487325 -4.23857033164486 2.91160486932107
22400 -4.1883605296653 0.0515041450152213 -4.23986467468052 2.90975120056176
22500 -4.18715238348438 0.0520689211554706 -4.23922130463985 2.91070643865405
22600 -4.18726123948797 0.0509954086600359 -4.23825664814801 2.91208467584637
22700 -4.18645859937161 0.0519368235911439 -4.23839542296275 2.91240566846327
22800 -4.18755982576296 0.0515400440302139 -4.23909986979317 2.91148884221147
22900 -4.18671688976876 0.0525052575694426 -4.23922214733821 2.91058590266921
23000 -4.18669739009421 0.0519895804869934 -4.23868697058121 2.9104641219879
23100 -4.1870797584172 0.0522101529362284 -4.23928991135343 2.91115443730584
23200 -4.18728720016503 0.0520971683788602 -4.23938436854389 2.91164064729543
23300 -4.18604268119368 0.0518552299936611 -4.23789791118734 2.91249046615093
23400 -4.18728357059889 0.0520489573910711 -4.23933252798996 2.91109477128215
23500 -4.18848445859811 0.0516020371432724 -4.24008649574138 2.90960747085678
23600 -4.18650645874475 0.0517905244372362 -4.23829698318199 2.91115092092414
23700 -4.18583409554756 0.0528241864832224 -4.23865828203078 2.91194634022127
23800 -4.18575356901005 0.0521644456146636 -4.23791801462471 2.91254508554885
23900 -4.18605321665546 0.0515768200582282 -4.23763003671369 2.91218808132993
24000 -4.18688642775372 0.0515492576701044 -4.23843568542383 2.91080545231135
24100 -4.18719135833495 0.0514703878128855 -4.23866174614784 2.910616291403
24200 -4.18841471468897 0.0510379321618611 -4.23945264685083 2.91120708748974
24300 -4.18758313507918 0.0515853243951779 -4.23916845947435 2.9116896672045
24400 -4.18768241626509 0.0517103108689108 -4.239392727134 2.91152268138738
24500 -4.18650239909207 0.0524823617832051 -4.23898476087528 2.91141364064831
24600 -4.18791427586757 0.0513238692972034 -4.23923814516477 2.91037143195352
24700 -4.18694591838735 0.0524670787138252 -4.23941299710118 2.91052781096949
24800 -4.18714953331351 0.0508827996439953 -4.2380323329575 2.9122058233644
24900 -4.18769685830304 0.0515452505366379 -4.23924210883968 2.91163038159669
25000 -4.18637820330316 0.0530181826248436 -4.23939638592801 2.9115041179847
25100 -4.18664170368278 0.0528241051829955 -4.23946580886577 2.91088946506453
25200 -4.18721194926299 0.0512536272401668 -4.23846557650315 2.91080470619264
25300 -4.18792519130216 0.0519968176776844 -4.23992200897984 2.91070751123402
25400 -4.18649388537973 0.0520454311610798 -4.23853931654081 2.91192924139617
25500 -4.18602518395257 0.0514548509488145 -4.23748003490138 2.91259034175983
25600 -4.1864485123129 0.0516787079630323 -4.23812722027593 2.91180482976139
25700 -4.18589558003166 0.0521726800965617 -4.23806826012822 2.91134149166443
25800 -4.18661999785738 0.0518918349440697 -4.23851183280145 2.9106907841077
25900 -4.18723820831913 0.0512181311715556 -4.23845633949068 2.9117548894879
26000 -4.1872369109926 0.0508999808167801 -4.23813689180938 2.91239662130951
26100 -4.18701586052193 0.0515575076391528 -4.23857336816109 2.91200426485722
26200 -4.18602698730452 0.0523042885724395 -4.23833127587696 2.91151693295447
26300 -4.18627010664119 0.0519204979312344 -4.23819060457242 2.91111698764956
26400 -4.18610112080413 0.0522339479848216 -4.23833506878895 2.91169796733345
26500 -4.18730420503829 0.0519173031151157 -4.23922150815341 2.91174174413814
26600 -4.18553944200592 0.0522585178201813 -4.2377979598261 2.91239183177186
26700 -4.18658237772019 0.0522547076066019 -4.2388370853268 2.91134283529501
26800 -4.18661319851322 0.0522371915569302 -4.23885039007015 2.91083598295552
26900 -4.18871018214075 0.0511906308808353 -4.23990081302158 2.91034924976011
27000 -4.18784013298147 0.0510754813333875 -4.23891561431486 2.91214576422747
27100 -4.18721924630883 0.051935602852941 -4.23915484916177 2.9116423699993
27200 -4.18726739338492 0.051413186871607 -4.23868058025653 2.91175892405446
27300 -4.18750169935212 0.0518313169986542 -4.23933301635077 2.91081441017208
27400 -4.18790984006577 0.0514478113409521 -4.23935765140673 2.9103241396318
27500 -4.187538800976 0.0513112528652447 -4.23885005384124 2.91135795492773
27600 -4.18669319244598 0.0520471244125944 -4.23874031685857 2.91170292111023
27700 -4.18671193013442 0.0519272913074512 -4.23863922144187 2.91169941423398
27800 -4.18625756974871 0.0522385091198499 -4.23849607886855 2.91165549931413
27900 -4.18758347603187 0.0513701135439502 -4.23895358957582 2.91076177453735
28000 -4.18766382984502 0.0512067782463067 -4.23887060809133 2.91145162805182
28100 -4.18698393507688 0.0522166159484439 -4.23920055102533 2.91182265948591
28200 -4.18747341825447 0.0514733009752527 -4.23894671922972 2.91211754262283
28300 -4.18786605980127 0.051633763654685 -4.23949982345595 2.91102361416278
28400 -4.18701215023809 0.0521741059856022 -4.23918625622369 2.91106410014709
28500 -4.18658043695402 0.0524032713480676 -4.23898370830208 2.91118015200331
28600 -4.18775300148576 0.0512749916535527 -4.23902799313931 2.91147652044014
28700 -4.1860568020213 0.0522987085530982 -4.2383555105744 2.9118973316413
28800 -4.18763412247689 0.0517985219081833 -4.23943264438508 2.91129212931695
28900 -4.18816015356038 0.0515671276304782 -4.23972728119086 2.91087880670277
29000 -4.18687524833599 0.051234137750778 -4.23810938608677 2.91129015808622
29100 -4.1890328009737 0.0504653134879459 -4.23949811446164 2.91070238865868
29200 -4.18780988484088 0.0511189006031616 -4.23892878544405 2.91186772979338
29300 -4.18647334816507 0.0530070660713282 -4.2394804142364 2.91166342827732
29400 -4.18742720801162 0.0515474576743216 -4.23897466568594 2.91150283480326
29500 -4.18703282307065 0.0524560750884127 -4.23948889815907 2.91094414840905
29600 -4.18783318256433 0.0512899468657473 -4.23912312943008 2.91100825106095
29700 -4.18816930623174 0.0515491217268164 -4.23971842795856 2.91086241646591
29800 -4.1876662839898 0.0512724760265423 -4.23893876001634 2.91212396056717
29900 -4.18696077955049 0.0521712599127889 -4.23913203946328 2.91215214456378
30000 -4.1880814620922 0.0513282770743883 -4.23940973916659 2.91111986773423
30100 -4.18665855371569 0.0517085532564696 -4.23836710697216 2.91138835074208
30200 -4.18560231351419 0.0519846192961476 -4.23758693281034 2.9119519080244
30300 -4.18652390377679 0.0517526366034544 -4.23827654038024 2.91187964183186
30400 -4.18710070181805 0.0512512283560745 -4.23835193017412 2.91264063555346
30500 -4.18736581590019 0.0518001908740085 -4.2391660067742 2.91226320483756
30600 -4.18718746702507 0.0521965701204294 -4.2393840371455 2.91103494234464
30700 -4.18720517934147 0.0516337734154064 -4.23883895275688 2.91088403215115
30800 -4.18613985197633 0.0527783573262025 -4.23891820930253 2.91145495816359
30900 -4.18655559114293 0.0522555440653049 -4.23881113520824 2.91172985420696
31000 -4.18652327202665 0.0525583353486421 -4.23908160737529 2.91175119717334
31100 -4.1869702253237 0.0517312753905771 -4.23870150071427 2.91137012839126
31200 -4.18732325014703 0.0514180951429543 -4.23874134528998 2.91094112259725
31300 -4.18676614378527 0.0524899626653485 -4.23925610645062 2.91074961704192
31400 -4.18774047046762 0.0513513287226974 -4.23909179919032 2.91171345516188
31500 -4.18602642065453 0.0522119567079984 -4.23823837736253 2.91231460209781
31600 -4.18645384057301 0.0514246521111388 -4.23787849268415 2.9120433681113
31700 -4.1861967458021 0.0514884156588035 -4.23768516146091 2.91180228614742
31800 -4.18680767885825 0.0517769520263495 -4.2385846308846 2.91154976825477
31900 -4.18728967976266 0.0516936542322685 -4.23898333399493 2.91154759638961
32000 -4.18662538210775 0.0520999957958365 -4.23872537790358 2.91249884277197
32100 -4.18723405047101 0.0516086192730554 -4.23884266974406 2.91190891871603
32200 -4.18603873044749 0.0523093114110394 -4.23834804185853 2.91128140196129
32300 -4.18640849567986 0.0518600925373023 -4.23826858821716 2.91123759119173
32400 -4.18776568766515 0.0512666843920731 -4.23903237205722 2.91139103044023
32500 -4.18898562643816 0.0502138572515899 -4.23919948368975 2.91178228337026
32600 -4.18707312880793 0.0517252410139826 -4.23879836982191 2.91246781109036
32700 -4.18858435331591 0.0509869263866653 -4.23957127970258 2.91172299363532
32800 -4.18810605866988 0.0503522452494999 -4.23845830391938 2.91121266900644
32900 -4.18851162530619 0.0511324131161154 -4.23964403842231 2.9109319608048
33000 -4.18776580517273 0.0519801531907305 -4.23974595836346 2.9107830229979
33100 -4.18680390048986 0.0515420739420276 -4.23834597443188 2.91208720130528
33200 -4.18737078648123 0.0514535194720153 -4.23882430595325 2.91212454087782
33300 -4.18771413247111 0.051561465664288 -4.2392755981354 2.91127434007086
33400 -4.18739566110284 0.0522969062181891 -4.23969256732102 2.9105392913924
33500 -4.18712241271403 0.0515808733714023 -4.23870328608544 2.91135502160814
33600 -4.18728215773057 0.0518166392943989 -4.23909879702497 2.91152438397362
33700 -4.18635760824365 0.0515533558712948 -4.23791096411495 2.91229964779373
33800 -4.18670200233402 0.051832867247599 -4.23853486958162 2.91168928506382
33900 -4.18647780939512 0.0516691772377667 -4.23814698663289 2.91085289146844
34000 -4.18677877519164 0.052214325934307 -4.23899310112595 2.91057972273364
34100 -4.18787242368326 0.051845821034779 -4.23971824471804 2.91107914095046
34200 -4.18892181591976 0.0504663355272767 -4.23938815144703 2.91130822047894
34300 -4.18795643317466 0.0507758507988874 -4.23873228397355 2.91199198802974
34400 -4.18611392156156 0.0524213921711025 -4.23853531373267 2.91206693952515
34500 -4.18690361437544 0.0519737966232601 -4.2388774109987 2.91081441499589
34600 -4.18669207521953 0.0515665919576856 -4.23825866717722 2.91121856971333
34700 -4.18727935171568 0.0515306326052026 -4.23880998432088 2.91152647951616
34800 -4.18908239489907 0.0507864968699604 -4.23986889176903 2.9112430153004
34900 -4.18798480648873 0.0505710825467102 -4.23855588903544 2.91241713899957
35000 -4.18725110680579 0.0517967551457272 -4.23904786195152 2.91178630576319
35100 -4.1857533338241 0.0525592007712489 -4.23831253459535 2.91136623303867
35200 -4.18669644505475 0.052083293393418 -4.23877973844817 2.91122541632891
35300 -4.18703595765001 0.0516178784141395 -4.23865383606415 2.91147335370313
35400 -4.18726067411963 0.0508120459525355 -4.23807272007216 2.91256673083288
35500 -4.1877778724662 0.0516378395166905 -4.23941571198289 2.91232328427886
35600 -4.1882321887591 0.0512238605186772 -4.23945604927778 2.91082379415041
35700 -4.18700046575637 0.0522433795630278 -4.2392438453194 2.91082917485293
35800 -4.18590977989098 0.0519025182521392 -4.23781229814312 2.91171736788221
35900 -4.18586741100614 0.0525935122835426 -4.23846092328968 2.91199291472723
36000 -4.18567600900451 0.0529136320637847 -4.2385896410683 2.91262490291809
36100 -4.1856421892529 0.0521902659218373 -4.23783245517474 2.91218836342906
36200 -4.18653174438725 0.0521270811636991 -4.23865882555095 2.91110515652955
36300 -4.18664097751469 0.052159395264897 -4.23880037277959 2.91120653965832
36400 -4.18713450625406 0.0515964860537891 -4.23873099230785 2.91162606131412
36500 -4.1877142898234 0.0522027357108995 -4.2399170255343 2.91143326744358
36600 -4.18687396729978 0.0524769749744447 -4.23935094227422 2.91190168556679
36700 -4.18698101684468 0.0521395940620706 -4.23912061090675 2.91107447793805
36800 -4.18723841404931 0.0519334239643797 -4.23917183801369 2.91096197665834
36900 -4.18649640527174 0.0515761421750319 -4.23807254744677 2.9118724337894
37000 -4.18627182918451 0.0525846087965632 -4.23885643798107 2.91182253090816
37100 -4.18662759129074 0.0517028758443752 -4.23833046713512 2.91252581509016
37200 -4.18813992827835 0.0510999561387782 -4.23923988441713 2.91161090990393
37300 -4.18840606184444 0.0506931601123611 -4.2390992219568 2.91064501582678
37400 -4.18783339141925 0.0512754471248133 -4.23910883854406 2.91109991005183
37500 -4.18684550214892 0.05182473859207 -4.23867024074099 2.91144022207779
37600 -4.18704011391841 0.0520177874101181 -4.23905790132853 2.91161621821723
37700 -4.18748900451234 0.0514655169856882 -4.23895452149803 2.911552493284
37800 -4.18833870372897 0.0513224926572556 -4.23966119638622 2.91104406620788
37900 -4.18823897118323 0.0513646725660924 -4.23960364374932 2.91120664112235
38000 -4.18649630667103 0.0522734413077441 -4.23876974797877 2.91186701472966
38100 -4.18663735655968 0.0521184351356697 -4.23875579169535 2.91186967219896
38200 -4.18636660300352 0.0512667700345667 -4.23763337303808 2.91254960870611
38300 -4.1864199577229 0.0515678949755619 -4.23798785269846 2.9111808442785
38400 -4.18636606610182 0.0525757772176565 -4.23894184331948 2.91085774138451
38500 -4.18576171399371 0.0528919228079137 -4.23865363680163 2.91146105807609
38600 -4.1856211208308 0.0524270512706499 -4.23804817210145 2.91208941302738
38700 -4.18591721038761 0.052820273323457 -4.23873748371106 2.91188630079297
38800 -4.18784092048804 0.0505563116881718 -4.23839723217621 2.91159554602592
38900 -4.18835984734269 0.0509897808623432 -4.23934962820504 2.91024150258894
39000 -4.18615581138019 0.0521766360165915 -4.23833244739678 2.9113321398743
39100 -4.18655552403867 0.0522798289813953 -4.23883535302006 2.91168369861453
39200 -4.18691557574642 0.0513992884258246 -4.23831486417224 2.91241840163711
39300 -4.18633029312931 0.0521594128762638 -4.23848970600557 2.91223020860179
39400 -4.18704848666687 0.0515718304843343 -4.23862031715121 2.91078432844994
39500 -4.18701719779815 0.0521617501911028 -4.23917894798925 2.91073273724295
39600 -4.18706081436205 0.0524376703677971 -4.23949848472984 2.91098178622061
39700 -4.18729664574032 0.0516235648350166 -4.23892021057534 2.91185081486116
39800 -4.18758393734826 0.0516716323189167 -4.23925556966717 2.9119463497503
39900 -4.18732272050169 0.0516440284773129 -4.238966748979 2.91162856410003
40000 -4.18709580675226 0.0509963149412986 -4.23809212169356 2.91121748616969
40100 -4.18775984735669 0.050795791000147 -4.23855563835684 2.91116670564978
40200 -4.18660985717229 0.0516039246418674 -4.23821378181415 2.91175072438715
40300 -4.18741863758147 0.0518708031825076 -4.23928944076398 2.9119228931258
40400 -4.18800386482196 0.0512757981622019 -4.23927966298416 2.91218014870783
40500 -4.18755674145271 0.0506158568827614 -4.23817259833548 2.911713621832
40600 -4.18660067602055 0.0520366066763332 -4.23863728269688 2.91132105512139
40700 -4.18702944999169 0.0520979522481848 -4.23912740223988 2.9111377181318
40800 -4.18688008780978 0.0520064507960809 -4.23888653860586 2.91152342428297
40900 -4.18712351918219 0.0524295289972005 -4.23955304817939 2.91221349280495
41000 -4.18790969462908 0.0509815833537888 -4.23889127798287 2.9121818515594
41100 -4.18732018922988 0.0515007904077994 -4.23882097963768 2.91126994913536
41200 -4.18773904037985 0.0516792654728238 -4.23941830585267 2.91062712606469
41300 -4.18733307442982 0.0520610497086105 -4.23939412413844 2.91103443592315
41400 -4.18742973235455 0.0513449426257478 -4.2387746749803 2.91194406975582
41500 -4.18632713124953 0.0520457283273646 -4.2383728595769 2.91263474557704
41600 -4.18685927836695 0.0515347578139132 -4.23839403618086 2.91178457528747
41700 -4.18751778137633 0.0516727514024159 -4.23919053277875 2.91098522360439
41800 -4.18671583823403 0.0521325290448567 -4.23884836727889 2.91128448939746
41900 -4.18818022866453 0.0505162673146804 -4.23869649597921 2.91156369381624
42000 -4.18700991194391 0.0516394062330487 -4.23864931817696 2.91197672055709
42100 -4.18631933024671 0.051668472812542 -4.23798780305925 2.91285420280892
42200 -4.18819713172942 0.0507814427131206 -4.23897857444254 2.9112252987115
42300 -4.18764568980165 0.0515793464463644 -4.23922503624801 2.91069553420755
42400 -4.18664352341777 0.0517116639580516 -4.23835518737582 2.91136099648463
42500 -4.1865042642569 0.0525146233087633 -4.23901888756566 2.91157294247895
42600 -4.18723787658741 0.0514546134478841 -4.23869249003529 2.91160082295965
42700 -4.18641600333814 0.0515745264095845 -4.23799052974772 2.91217545282409
42800 -4.18770540228827 0.0516215315082601 -4.23932693379653 2.91100556878741
42900 -4.1869918987976 0.051583353110308 -4.2385752519079 2.91136763272388
43000 -4.18721134077764 0.0518105989265039 -4.23902193970414 2.91181956627588
43100 -4.18606419186633 0.0525698355464716 -4.2386340274128 2.912485574451
43200 -4.18735364649331 0.0516264988297227 -4.23898014532304 2.91170199008447
43300 -4.18726111786136 0.0513581026313725 -4.23861922049273 2.91130219438713
43400 -4.1873880443053 0.0518929928632281 -4.23928103716853 2.91094790595573
43500 -4.18601611299666 0.0516677783378776 -4.23768389133454 2.91214774459855
43600 -4.18706521132876 0.0517062309734312 -4.23877144230219 2.91177817363601
43700 -4.18795955409406 0.050869392324043 -4.23882894641811 2.91171140607817
43800 -4.18664174034375 0.0515838918137681 -4.23822563215752 2.91182705324379
43900 -4.18761223718131 0.0521273606994698 -4.23973959788078 2.91025818882338
44000 -4.18759230565421 0.0514796898234769 -4.23907199547769 2.9108183664903
44100 -4.18774163819989 0.0514076439079499 -4.23914928210784 2.91176605790366
44200 -4.1892696673598 0.0506214058370468 -4.23989107319685 2.91132704369328
44300 -4.18816600703155 0.0515723799305112 -4.23973838696206 2.91114970109413
44400 -4.18788409021678 0.0514075616723393 -4.23929165188912 2.91128793666679
44500 -4.187937528506 0.0512668466886783 -4.23920437519468 2.9109851911528
44600 -4.18745841062328 0.0513555174859063 -4.23881392810919 2.91099883195987
44700 -4.18808516508496 0.0517006078622728 -4.23978577294723 2.91090636646946
44800 -4.18638227034558 0.0515589749945589 -4.23794124534014 2.91251715503249
44900 -4.18657224940113 0.0522028634826066 -4.23877511288374 2.91178591290217
45000 -4.18600118697349 0.0525114885881184 -4.2385126755616 2.91151141813696
45100 -4.18721698233229 0.0521559326963233 -4.23937291502861 2.91097469496236
45200 -4.1867081339993 0.0515507892456019 -4.23825892324491 2.91176761536436
45300 -4.18650311054485 0.0512845886660847 -4.23778769921093 2.9129153418198
45400 -4.18702608569868 0.0516104176852028 -4.23863650338388 2.91236866267462
45500 -4.18707698330035 0.0521266125810452 -4.2392035958814 2.91110139200731
45600 -4.18754770306086 0.0516530110168476 -4.23920071407771 2.91097026650762
45700 -4.18784440435893 0.0512423605551758 -4.2390867649141 2.91104394525761
45800 -4.18708304999104 0.051937647357372 -4.23902069734841 2.9116929372233
45900 -4.18858228737714 0.050782516983591 -4.23936480436073 2.91236687828511
46000 -4.18664841417442 0.0529525991812557 -4.23960101335568 2.91163925173273
46100 -4.18872263822848 0.0502663454779333 -4.23898898370641 2.91101222503933
46200 -4.18782191912648 0.0509784993302748 -4.23880041845676 2.91103495805654
46300 -4.18710379282845 0.0510726595066383 -4.23817645233509 2.91172096761959
46400 -4.18742025796633 0.0512962282901441 -4.23871648625647 2.91194986488121
46500 -4.18557439386351 0.0525150760143213 -4.23808946987783 2.91275663457166
46600 -4.18532212638253 0.0520423852691056 -4.23736451165163 2.91219764060707
46700 -4.18719713987075 0.0508935583044702 -4.23809069817522 2.91131338463535
46800 -4.18652099618668 0.0519420974957248 -4.2384630936824 2.91155730839793
46900 -4.18690741852107 0.0520860132750635 -4.23899343179614 2.91152650179986
47000 -4.18735773378446 0.051971007153281 -4.23932874093774 2.91187461246995
47100 -4.18765431725962 0.051260767834693 -4.23891508509431 2.91218642935013
47200 -4.18742929865219 0.0512147142048622 -4.23864401285706 2.91125634260344
47300 -4.18696014051377 0.0514282001126704 -4.23838834062645 2.91116064204338
47400 -4.18670999770415 0.0514794636306916 -4.23818946133484 2.91157260638755
47500 -4.18673485167866 0.0523994450532146 -4.23913429673187 2.91194916811664
47600 -4.18681752949013 0.0518400845003112 -4.23865761399044 2.91222338950908
47700 -4.18618162370346 0.0522231932980775 -4.23840481700154 2.91175147208358
47800 -4.18596697233542 0.0525151324377723 -4.23848210477319 2.91083202483965
47900 -4.18616475447654 0.0524433257160885 -4.23860808019262 2.91140099922257
48000 -4.18711525509135 0.0514089128002748 -4.23852416789162 2.91207900182695
48100 -4.18752768037098 0.0517263663519485 -4.23925404672292 2.91164479262035
48200 -4.18642018701301 0.0514473269670502 -4.23786751398006 2.91220260888839
48300 -4.18518197078488 0.0524957797253428 -4.23767775051022 2.91121920091346
48400 -4.18600467441745 0.0529131833656123 -4.23891785778306 2.9112782290104
48500 -4.18697017523841 0.0515805920202691 -4.23855076725868 2.91201658324918
48600 -4.18720958526198 0.0521126997077273 -4.23932228496971 2.9115839739319
48700 -4.1875389517888 0.0515698591981302 -4.23910881098693 2.91172117744299
48800 -4.18734198887016 0.0523136616334226 -4.23965565050358 2.91016754799495
48900 -4.18678771919728 0.0515276791905948 -4.23831539838788 2.9110049501209
49000 -4.18654616502926 0.0518608053461286 -4.23840697037539 2.91169338244334
49100 -4.18771987689975 0.0514178194943851 -4.23913769639413 2.91167410716206
49200 -4.18757101729328 0.0513434035830507 -4.23891442087633 2.91211693608621
49300 -4.18753623029668 0.051882350236057 -4.23941858053273 2.91129993034654
49400 -4.18747924719402 0.0513575568254888 -4.23883680401951 2.91057117187962
49500 -4.18781164199702 0.0517524146169969 -4.23956405661402 2.91040496236801
49600 -4.18754562844551 0.0513740889679473 -4.23891971741345 2.91150902222397
49700 -4.1879230951122 0.0512307887609173 -4.23915388387312 2.91151929863739
49800 -4.18591274302451 0.0525831773865751 -4.23849592041109 2.91212679749154
49900 -4.18591932624401 0.0523894346223444 -4.23830876086636 2.91152065608752
50000 -4.18611949595559 0.0516844969419706 -4.23780399289757 2.91103351328787
50100 -4.18594611591063 0.0530192889758205 -4.23896540488645 2.91095167582969
50200 -4.18735673694378 0.0515488811984066 -4.23890561814219 2.91192239506498
50300 -4.18763950580745 0.0515223683781507 -4.2391618741856 2.91163060699203
50400 -4.18639508944418 0.0517062309029679 -4.23810132034715 2.91173733611119
50500 -4.18602664598706 0.0524567006543502 -4.23848334664141 2.9113465503344
50600 -4.18764861439768 0.0516141834694844 -4.23926279786717 2.91036998131049
50700 -4.18706118917233 0.0519483079103752 -4.2390094970827 2.91164884936174
50800 -4.18839220154957 0.0505194914491003 -4.23891169299867 2.91212813294122
50900 -4.18857820795041 0.051071874229731 -4.23965008218014 2.9113560747777
51000 -4.18823312754071 0.0508637274421912 -4.2390968549829 2.91129272470753
51100 -4.18775072288527 0.0507258781545064 -4.23847660103978 2.91120076532453
51200 -4.18612743843689 0.0518758124311476 -4.23800325086803 2.91175310255033
51300 -4.18622680178634 0.0523592616834306 -4.23858606346977 2.91217231789767
51400 -4.18610179004332 0.052153193294758 -4.23825498333807 2.91258445238158
51500 -4.18807740526025 0.0504708760974253 -4.23854828135768 2.91133253395
51600 -4.1883446473175 0.0508426346129383 -4.23918728193044 2.91102854496372
51700 -4.18829166948566 0.0513149489687063 -4.23960661845436 2.911032047357
51800 -4.18809413218567 0.0509325956208111 -4.23902672780649 2.91146588621345
51900 -4.18709954692141 0.0523574061429944 -4.2394569530644 2.91218902982676
52000 -4.18660092029258 0.0520739032467538 -4.23867482353934 2.91207891951269
52100 -4.18706049097537 0.0513651256982268 -4.23842561667359 2.9114446265382
52200 -4.18726570237384 0.0514713271719814 -4.23873702954582 2.91118390710602
52300 -4.18762575727781 0.0504454538209784 -4.23807121109879 2.91179031612238
52400 -4.18681607754106 0.0514241572709159 -4.23824023481198 2.91188628937952
52500 -4.18734350945708 0.0515829223550874 -4.23892643181217 2.91128867014694
52600 -4.18679580484987 0.0522881752256834 -4.23908398007556 2.91140408466224
52700 -4.18788991876524 0.0518145677142881 -4.23970448647952 2.91129957530881
52800 -4.18777598490343 0.0512797322283793 -4.23905571713181 2.91120267913622
52900 -4.18664725067456 0.0518154374993351 -4.23846268817389 2.91087860945401
53000 -4.18719769470656 0.0510012491864181 -4.23819894389298 2.9114767623676
53100 -4.18762463105718 0.0508486208784102 -4.23847325193559 2.91202847764684
53200 -4.18898137560217 0.0507018593456316 -4.2396832349478 2.91109939081494
53300 -4.18845941395769 0.0512160747312674 -4.23967548868896 2.91106517505083
53400 -4.18700149667553 0.0516543640353861 -4.23865586071091 2.9115367085115
53500 -4.18790895301131 0.0519940836374399 -4.23990303664875 2.91103169774102
53600 -4.18814163591618 0.0519628926648578 -4.24010452858104 2.91079470443176
53700 -4.18809087846537 0.0517098872694185 -4.23980076573479 2.91087455017583
53800 -4.18766226886835 0.0519969110258492 -4.2396591798942 2.91100262987
53900 -4.1860798956868 0.0522701568369256 -4.23835005252373 2.91218107048551
54000 -4.18709492871759 0.05135782006632 -4.23845274878391 2.91187716971108
54100 -4.18713655660117 0.0519513344017675 -4.23908789100294 2.91075422309321
54200 -4.1866698904931 0.05224893378776 -4.23891882428086 2.91072648224888
54300 -4.18727666608078 0.0514148279865341 -4.23869149406731 2.91140722469561
54400 -4.18774394184708 0.0516786105484391 -4.23942255239552 2.9114683610407
54500 -4.18794947957048 0.051369561750258 -4.23931904132074 2.91171525326213
54600 -4.18642764230397 0.0518543376176925 -4.23828197992166 2.91170686526462
54700 -4.18685465356613 0.0522975005923325 -4.23915215415846 2.91041757703117
54800 -4.18847889177204 0.0509830509509381 -4.23946194272298 2.91032881643058
54900 -4.18799072075964 0.0508721134592468 -4.23886283421889 2.91156558346392
55000 -4.18735027436836 0.0521369157521642 -4.23948719012052 2.91173923784759
55100 -4.18811609156642 0.0513790631879276 -4.23949515475435 2.91144648816373
55200 -4.18751652284027 0.0516012766405125 -4.23911779948078 2.91094287360764
55300 -4.18714362585667 0.0520467400847806 -4.23919036594145 2.91014742912186
55400 -4.18656677596791 0.0519072853422501 -4.23847406131016 2.91170110694895
55500 -4.18650309319655 0.0523099858092053 -4.23881307900576 2.91197744443642
55600 -4.18682301219881 0.0521704708855302 -4.23899348308434 2.91148354580896
55700 -4.187399235182 0.0515861220764279 -4.23898535725843 2.91107771627463
55800 -4.18631080828043 0.0519807306816252 -4.23829153896206 2.91089692027809
55900 -4.1866020864868 0.0519417603184779 -4.23854384680527 2.91109641995553
56000 -4.18836112697045 0.0502782063272651 -4.23863933329772 2.91188609054253
56100 -4.18802973716595 0.0509247747054516 -4.2389545118714 2.91158266607406
56200 -4.18742043373629 0.051485957075749 -4.23890639081204 2.91184054178597
56300 -4.18773180253182 0.0511060180024314 -4.23883782053426 2.91101884387693
56400 -4.18776161288684 0.0513661456410507 -4.23912775852789 2.91022390891036
56500 -4.18866682671541 0.0512800665039175 -4.23994689321933 2.91076279532191
56600 -4.18762020865336 0.0518584296611507 -4.23947863831451 2.91140987056977
56700 -4.18837463054161 0.0513490692921778 -4.23972369983379 2.91144277815096
56800 -4.18737842827445 0.0524577410637799 -4.23983616933823 2.91138317315343
56900 -4.18816656589641 0.0516121178873305 -4.23977868378374 2.91017464297358
57000 -4.18692955361474 0.0516690941250654 -4.23859864773981 2.91123794951696
57100 -4.18608091248593 0.0520361025059395 -4.23811701499187 2.91210080072885
57200 -4.18698046254993 0.0528016315937823 -4.23978209414372 2.91126485259301
57300 -4.18702751140532 0.0519573265895804 -4.2389848379949 2.91149697270647
57400 -4.18772981607842 0.0521369221331893 -4.23986673821161 2.91047893649561
57500 -4.18763249311229 0.0508532948389664 -4.23848578795125 2.91109168717432
57600 -4.18834011568044 0.0511623995495739 -4.23950251523001 2.91119962436116
57700 -4.18757138185674 0.0522181190694364 -4.23978950092618 2.91160963101598
57800 -4.1869190767468 0.052018122848846 -4.23893719959565 2.91156213727415
57900 -4.18662789737346 0.051942066338043 -4.23856996371151 2.91150453280675
58000 -4.18700272399166 0.0514437573650679 -4.23844648135673 2.91164706346046
58100 -4.18749005610689 0.0515436096874356 -4.23903366579432 2.91137187067165
58200 -4.18702585026427 0.051792733210532 -4.2388185834748 2.91148519641177
58300 -4.18679681563035 0.0521244858941138 -4.23892130152447 2.91151404033342
58400 -4.18715667217317 0.0516403145109959 -4.23879698668417 2.91169356423054
58500 -4.18708232809575 0.0511669513980045 -4.23824927949375 2.91187377532081
58600 -4.18748895374763 0.0508586961394813 -4.23834764988712 2.91116117559684
58700 -4.18811228489689 0.0516057614673468 -4.23971804636423 2.91057686391868
58800 -4.18610738085433 0.0519804830350383 -4.23808786388937 2.91222058273718
58900 -4.18756273796089 0.0513061148803755 -4.23886885284127 2.91160907046768
59000 -4.18652578987067 0.0522194838575459 -4.23874527372822 2.91151271932259
59100 -4.18742193466464 0.0509513439040148 -4.23837327856865 2.91167420520649
59200 -4.18628746506769 0.0523900542779341 -4.23867751934562 2.91095784942607
59300 -4.1864356720923 0.0518722437607179 -4.23830791585302 2.91197107162462
59400 -4.18668462668172 0.0517537309287609 -4.23843835761048 2.91264182847832
59500 -4.18608276174285 0.0526113794689563 -4.2386941412118 2.91175232079067
59600 -4.18583757486396 0.0519872112715381 -4.2378247861355 2.91177226101496
59700 -4.18654115590645 0.0522150743463847 -4.23875623025283 2.91125979581591
59800 -4.18647324827646 0.051614580669906 -4.23808782894636 2.91254186994492
59900 -4.18601828511943 0.0528357451863625 -4.2388540303058 2.9124955822759
60000 -4.18652230949364 0.0517623932696774 -4.23828470276331 2.91216840518827
60100 -4.18654297208915 0.0519218794832923 -4.23846485157244 2.91150958335892
60200 -4.18819155900601 0.0520085949051301 -4.24020015391114 2.91059717625991
60300 -4.18649887339724 0.05151584316727 -4.23801471656451 2.91226620032421
60400 -4.18605777356445 0.0521403999397793 -4.23819817350423 2.91296270253157
60500 -4.18695603495349 0.0523211335504353 -4.23927716850393 2.91163119970569
60600 -4.18738673707433 0.0514908358297709 -4.2388775729041 2.91102645721093
60700 -4.1882248458588 0.0508738721315664 -4.23909871799036 2.91100013597071
60800 -4.18792140171245 0.0509130681401796 -4.23883446985263 2.91152179439766
60900 -4.18786850796621 0.0509652448179854 -4.23883375278419 2.91191170668149
61000 -4.18674923016717 0.0521095870922204 -4.23885881725939 2.91238629515975
61100 -4.18623673510225 0.0525206374700653 -4.23875737257232 2.91158167432326
61200 -4.18640272252819 0.0523403408980698 -4.23874306342625 2.91120824704848
61300 -4.18806870219273 0.0507697420838396 -4.23883844427657 2.91119357552144
61400 -4.1866052912497 0.0519388918120338 -4.23854418306173 2.91179059081914
61500 -4.18771359723646 0.0512812539896465 -4.23899485122611 2.91177690049834
61600 -4.18840494965695 0.0518878882114328 -4.24029283786838 2.91121897669046
61700 -4.18684724325889 0.0520720396348984 -4.23891928289378 2.91117649829329
61800 -4.18681239096078 0.0517233477311647 -4.23853573869195 2.91101230626088
61900 -4.18630213464268 0.0523147390805725 -4.23861687372326 2.91146036538712
62000 -4.18646657199687 0.0521367715507738 -4.23860334354764 2.9118006071139
62100 -4.18713593176162 0.0519059274553561 -4.23904185921698 2.91237693888037
62200 -4.18687211475402 0.0518808487581233 -4.23875296351215 2.91211001157716
62300 -4.18823477856229 0.0510890328575956 -4.23932381141988 2.91090060568865
62400 -4.18763025690326 0.0516314820991703 -4.23926173900243 2.91091518737682
62500 -4.18745776145692 0.0517321913950909 -4.23918995285201 2.91143977596604
62600 -4.18696613754752 0.05189295432903 -4.23885909187655 2.91209237281969
62700 -4.18642467315904 0.0519431232868036 -4.23836779644584 2.91271396500922
62800 -4.18693893189525 0.0517331185422732 -4.23867205043753 2.91113869714215
62900 -4.18701913367328 0.0515707265131821 -4.23858986018646 2.91131896166462
63000 -4.18852610430366 0.0506756627227358 -4.2392017670264 2.91112348675701
63100 -4.18621633915171 0.0519132806708727 -4.23812961982259 2.91233006869381
63200 -4.18651178828434 0.0518384284450845 -4.23835021672942 2.91273575108046
63300 -4.18715554679132 0.0519918752562288 -4.23914742204755 2.91125151547707
63400 -4.18795590646243 0.0509665323369563 -4.23892243879938 2.91118924010608
63500 -4.18739891440655 0.0514611809965531 -4.2388600954031 2.91120939128981
63600 -4.18810991353689 0.0511061915696557 -4.23921610510655 2.91127111537818
63700 -4.18709161474492 0.0517214920235833 -4.23881310676851 2.9119119275096
63800 -4.18869095113269 0.0509600713684683 -4.23965102250116 2.91172757432711
63900 -4.18775021991209 0.0511357175618465 -4.23888593747394 2.91168513001103
64000 -4.18876833112358 0.0509081337384782 -4.23967646486205 2.91039228670332
64100 -4.18737037607124 0.0518525834006162 -4.23922295947186 2.91040307642809
64200 -4.18771331647034 0.0511642453279364 -4.23887756179828 2.91142371006432
64300 -4.18741684441895 0.0517572137405051 -4.23917405815946 2.91197344769025
64400 -4.18729628993409 0.0516823030838694 -4.23897859301796 2.91175037191043
64500 -4.18691750897822 0.0518594709728536 -4.23877697995108 2.91157453946442
64600 -4.18674275611546 0.0509837011792384 -4.2377264572947 2.91160659805453
64700 -4.18616181667696 0.0520083133168036 -4.23817012999377 2.9107761677705
64800 -4.18584419688957 0.0524514987087704 -4.23829569559834 2.91210889629338
64900 -4.18681322652229 0.051303442358689 -4.23811666888098 2.91259104339665
65000 -4.18711433066038 0.0512947023504726 -4.23840903301085 2.91213076078761
65100 -4.18867948088319 0.0511893403151852 -4.23986882119837 2.91061808754316
65200 -4.1871279877073 0.0518368160549706 -4.23896480376228 2.91114398548424
65300 -4.18790790023482 0.05109761736344 -4.23900551759826 2.91119710739191
65400 -4.18667320187789 0.0525568886051774 -4.23923009048306 2.91124247163405
65500 -4.18681177954595 0.0520797880560972 -4.23889156760205 2.91158563898446
65600 -4.18741455401166 0.0515047124122131 -4.23891926642388 2.91193723578437
65700 -4.18743384236967 0.0517761039872515 -4.23920994635693 2.91099201143553
65800 -4.18887559931854 0.0505679190302786 -4.23944351834882 2.910366129549
65900 -4.18825188304338 0.0519727096766038 -4.24022459271998 2.91031546103621
66000 -4.18874396309325 0.0508902860720586 -4.23963424916531 2.9111935749085
66100 -4.18766999493475 0.0514349458536571 -4.23910494078841 2.91149978708875
66200 -4.18869126791687 0.0511478504223683 -4.23983911833923 2.91102273555679
66300 -4.18830373955404 0.0509710962968987 -4.23927483585094 2.91111394803723
66400 -4.18816344766331 0.0513916879973844 -4.23955513566069 2.910330904792
66500 -4.1881173705726 0.0511438429430646 -4.23926121351566 2.91058232435591
66600 -4.18861964576924 0.0510054500892182 -4.23962509585846 2.91112000262406
66700 -4.18764476794073 0.0514154607034286 -4.23906022864416 2.91178039498285
66800 -4.1876115807455 0.0517812876376324 -4.23939286838313 2.91125803088032
66900 -4.187282967007 0.0516635992753354 -4.23894656628233 2.91142216639076
67000 -4.1875995581811 0.0515811694007484 -4.23918072758185 2.91137830437621
67100 -4.18804032815316 0.0507285839061796 -4.23876891205934 2.91158794936788
67200 -4.18740756668976 0.0526115605950796 -4.24001912728484 2.91084914574979
67300 -4.18838571538922 0.0508080368114439 -4.23919375220066 2.91151247269134
67400 -4.18687380885019 0.0514720241994506 -4.23834583304965 2.91196334915005
67500 -4.18736106292511 0.0520734730761057 -4.23943453600122 2.91135112786261
67600 -4.18642329037497 0.0521454991571682 -4.23856878953214 2.91150964003357
67700 -4.18726441220056 0.0514821345635228 -4.23874654676408 2.9107472479085
67800 -4.18800407996718 0.0508871038613232 -4.2388911838285 2.91126169602335
67900 -4.18885356707258 0.0513588136655276 -4.24021238073811 2.91135772729704
68000 -4.18739085761478 0.0510009767661863 -4.23839183438097 2.91209380171709
68100 -4.18640824739152 0.0519258859531958 -4.23833413334471 2.91166815396332
68200 -4.18619838235453 0.0519424543634262 -4.23814083671796 2.91177041270049
68300 -4.18730531590895 0.0515178896055366 -4.23882320551449 2.91143219740172
68400 -4.18831314189724 0.0508684257179318 -4.23918156761517 2.91181534702368
68500 -4.18797482350073 0.0510634675325612 -4.23903829103329 2.91195205637961
68600 -4.18747464258815 0.0512133999426284 -4.23868804253077 2.91150024969867
68700 -4.18780284009938 0.0520555977468645 -4.23985843784624 2.91057498500261
68800 -4.18785048382838 0.0508107419932637 -4.23866122582165 2.91148232668746
68900 -4.1875336156276 0.0518223846497132 -4.23935600027731 2.91120297930293
69000 -4.18716269607287 0.052116219928194 -4.23927891600107 2.91118837322276
69100 -4.18608907101406 0.0525689173229135 -4.23865798833698 2.91174164107491
69200 -4.18649320806105 0.0524877959936313 -4.23898100405468 2.91165138061244
69300 -4.18624567286586 0.0522189744132502 -4.23846464727912 2.91211364450316
69400 -4.18816797264604 0.0515160307247569 -4.2396840033708 2.91091506599993
69500 -4.18696163810144 0.0518705483317368 -4.23883218643318 2.91054613326927
69600 -4.18678095125662 0.0522009588813481 -4.23898191013797 2.91119787434826
69700 -4.18742671912163 0.0512167839196111 -4.23864350304125 2.91172777145359
69800 -4.18597301436599 0.0529831510184596 -4.23895616538445 2.91177639654672
69900 -4.18714875898335 0.0518870101021521 -4.2390357690855 2.91137310448335
70000 -4.18674363932893 0.0518801872380797 -4.23862382656701 2.91091165219674
70100 -4.18626998672106 0.0517412405602517 -4.23801122728131 2.9112445703868
70200 -4.1872952617707 0.0518740950133092 -4.23916935678401 2.91148702852336
70300 -4.18613707660206 0.053045454015984 -4.23918253061804 2.9116586441753
70400 -4.18749330778826 0.0504639983480317 -4.23795730613629 2.91223741209852
70500 -4.18724215929956 0.0521932286314982 -4.23943538793106 2.91090037178434
70600 -4.18683566947835 0.0515411705822839 -4.23837684006064 2.91112021546046
70700 -4.18750673840676 0.0517012624824779 -4.23920800088924 2.91075961747072
70800 -4.18836882352678 0.0512697868558963 -4.23963861038267 2.91152793835379
70900 -4.18916431859881 0.0505754155735991 -4.23973973417241 2.91148361340698
71000 -4.18873820151033 0.0505021758257382 -4.23924037733607 2.91161567693928
71100 -4.18742648142478 0.0519823582454425 -4.23940883967022 2.91134217513979
71200 -4.18832804664902 0.0512214062883488 -4.23954945293737 2.9112398750673
71300 -4.18698332849776 0.0521867028188796 -4.23917003131664 2.91103488525006
71400 -4.18614765920463 0.0524121572335346 -4.23855981643817 2.91109762340965
71500 -4.18749927255763 0.0514701012390034 -4.23896937379663 2.91147731968794
71600 -4.18644306712261 0.0526874749822142 -4.23913054210483 2.91204220661424
71700 -4.18683844128462 0.0531266923673169 -4.23996513365194 2.91160797752123
71800 -4.18789482040283 0.0511268515963862 -4.23902167199922 2.91094777451675
71900 -4.18727169680436 0.0515301071772479 -4.23880180398161 2.91084203460839
72000 -4.18660766696996 0.0514927281261288 -4.23810039509609 2.9117823021478
72100 -4.18647483049347 0.0519732553791284 -4.2384480858726 2.91205839425007
72200 -4.1868170593535 0.0520693540206341 -4.23888641337414 2.91213314257574
72300 -4.18729430921707 0.0515365918482932 -4.23883090106536 2.9117527811283
72400 -4.18655673759763 0.051664389399627 -4.23822112699726 2.91111353092873
72500 -4.18905164334455 0.0513456170962572 -4.24039726044081 2.91010996361133
72600 -4.18746551030846 0.0513562612469989 -4.23882177155546 2.91153829706083
72700 -4.18631249849904 0.0518211054572784 -4.23813360395632 2.91235987177176
72800 -4.18603846221034 0.0519018757759793 -4.23794033798632 2.91291147517113
72900 -4.1852312407415 0.0528474284790111 -4.23807866922051 2.91174583358307
73000 -4.18636199054975 0.0529947125232376 -4.23935670307298 2.91061179932622
73100 -4.18751661189486 0.0515494086262888 -4.23906602052115 2.91108447440959
73200 -4.18675966151077 0.0517732590265831 -4.23853292053735 2.91179106549202
73300 -4.18622581275494 0.0525845005484403 -4.23881031330338 2.91234254638556
73400 -4.18729269514394 0.0523836195220109 -4.23967631466595 2.91149390125399
73500 -4.18722766732044 0.0520666787136691 -4.23929434603411 2.91070916721599
73600 -4.18770698451382 0.0513585332589921 -4.23906551777281 2.91092623136154
73700 -4.18836095676129 0.0509941413331292 -4.23935509809442 2.91126792113493
73800 -4.18763437463635 0.0518360937461651 -4.23947046838251 2.91181267509037
73900 -4.18713535722657 0.0515095275397128 -4.23864488476628 2.91232957385919
74000 -4.18625886965717 0.0524971800867039 -4.23875604974387 2.91125298972605
74100 -4.18664784493906 0.0516632827485199 -4.23831112768758 2.91128125587638
74200 -4.18833757657502 0.0510942414022773 -4.2394318179773 2.91096749268845
74300 -4.1883973706822 0.0507054892506951 -4.23910285993289 2.91144874303957
74400 -4.18726195272986 0.0516707457985118 -4.23893269852837 2.91218440673026
74500 -4.18760351039718 0.0513531064668011 -4.23895661686398 2.91217637501951
74600 -4.18747878178623 0.05198103757747 -4.2394598193637 2.91081262410398
74700 -4.18747835552323 0.0516812975718248 -4.23915965309506 2.91099113542779
74800 -4.18644712399125 0.0529397283375922 -4.23938685232884 2.91108221599395
74900 -4.18691532431047 0.051669449923413 -4.23858477423388 2.91175884897694
75000 -4.18661379601956 0.0519949970650032 -4.23860879308457 2.91202258120706
75100 -4.18742591418704 0.0514398772494092 -4.23886579143645 2.91175705675092
75200 -4.18735019894958 0.0513385981773546 -4.23868879712693 2.91088021046309
75300 -4.18732997503996 0.0517286336065005 -4.23905860864646 2.91063866984267
75400 -4.18790565731987 0.0511708584364425 -4.23907651575631 2.91117235288579
75500 -4.18753466971739 0.0508895054416408 -4.23842417515903 2.91193553368452
75600 -4.1871949373316 0.0519805885293271 -4.23917552586093 2.91148643669841
75700 -4.18655660628146 0.0511759120688266 -4.23773251835029 2.9121354307919
75800 -4.18745234795725 0.0520413229182448 -4.23949367087549 2.91100019484302
75900 -4.18725720668518 0.0514112880889586 -4.23866849477414 2.91128022578259
76000 -4.18714451119692 0.0532228595292356 -4.24036737072616 2.91070274762517
76100 -4.18816987456405 0.0512453722277135 -4.23941524679176 2.91217072323617
76200 -4.18885119378181 0.0509052004557398 -4.23975639423755 2.91164723090027
76300 -4.18889842117501 0.0509148181810175 -4.23981323935603 2.91094958365194
76400 -4.18838205653268 0.0509108687752085 -4.23929292530789 2.91097296685726
76500 -4.18713912767223 0.0515802751690395 -4.23871940284127 2.91123983916185
76600 -4.18696352897622 0.0516773564500281 -4.23864088542625 2.91171966852737
76700 -4.18673909452597 0.051634176821445 -4.23837327134741 2.91254617876117
76800 -4.18667313458348 0.0517827603479508 -4.23845589493143 2.91230670127082
76900 -4.1874758801395 0.0513296668253349 -4.23880554696484 2.91126471695093
77000 -4.18739189958756 0.0517517176765757 -4.23914361726414 2.91054810805488
77100 -4.18635564350541 0.0526748722921144 -4.23903051579752 2.91123593834131
77200 -4.18663899229654 0.052017268612445 -4.23865626090899 2.91169753697277
77300 -4.18727541637754 0.0523319200424669 -4.23960733642001 2.91116897872522
77400 -4.18695743680173 0.0517050861420091 -4.23866252294373 2.91177123472343
77500 -4.18756104685867 0.0520193286042709 -4.23958037546294 2.91143466220066
77600 -4.18745751491116 0.0524316609134967 -4.23988917582465 2.91091947172699
77700 -4.18717495814229 0.0510452172932215 -4.23822017543551 2.91131522642493
77800 -4.18671541576195 0.051011781689365 -4.23772719745131 2.91155441113229
77900 -4.1875306702018 0.0518021454526686 -4.23933281565447 2.91124027869681
78000 -4.18669896232788 0.0519268609282381 -4.23862582325612 2.91232085072771
78100 -4.18650688430463 0.0521551121510271 -4.23866199645566 2.91233266196599
78200 -4.1871838065562 0.0517777652751527 -4.23896157183136 2.91118257509571
78300 -4.1878791072024 0.050948268622733 -4.23882737582513 2.91100138352186
78400 -4.1884410459624 0.0513663276749257 -4.23980737363733 2.9106790006852
78500 -4.18690538337657 0.0515224183163473 -4.23842780169292 2.91160430130004
78600 -4.18686632118357 0.051656929764738 -4.23852325094831 2.91245226950763
78700 -4.1867476263916 0.0519071399794246 -4.23865476637103 2.91265999114137
78800 -4.18617615747416 0.0522296289442672 -4.23840578641842 2.91163119611026
78900 -4.18712052267452 0.0518064532252804 -4.2389269758998 2.91114882258485
79000 -4.1871703546522 0.0512098822722863 -4.23838023692449 2.91147526007703
79100 -4.18772330942524 0.0515556307046704 -4.23927894012991 2.9114528297115
79200 -4.18592636420756 0.0525028467705356 -4.2384292109781 2.91270362364936
79300 -4.18663351443375 0.0521284142637807 -4.23876192869753 2.91222761711882
79400 -4.18764505619145 0.0517863732985294 -4.23943142948998 2.91104230363648
79500 -4.18653084593613 0.0522336472056698 -4.2387644931418 2.91126946557475
79600 -4.1865134003493 0.0517156671842623 -4.23822906753357 2.91183500760828
79700 -4.18695124807783 0.0518456124190795 -4.23879686049691 2.91190091625934
79800 -4.18583118789233 0.0513183133087424 -4.23714950120107 2.91299025229888
79900 -4.18745940828876 0.050796560107144 -4.23825596839591 2.91184182248438
80000 -4.18745341783806 0.0511924823206126 -4.23864590015867 2.91103260401401
80100 -4.18724247273655 0.0515953616262968 -4.23883783436285 2.91039263175809
80200 -4.18834401804183 0.0513100815329799 -4.23965409957481 2.91128693655411
80300 -4.18704827588796 0.0519756875488886 -4.23902396343685 2.91182306700497
80400 -4.1869637273008 0.0520309702283699 -4.23899469752917 2.91152468026489
80500 -4.18698216387931 0.0509941287601216 -4.23797629263944 2.9120528339948
80600 -4.18638405521077 0.0517766150878131 -4.23816067029858 2.9115392421519
80700 -4.18656761394171 0.0509223963869847 -4.2374900103287 2.91206173464864
80800 -4.18738820711801 0.051553545118093 -4.23894175223611 2.91188788909639
80900 -4.18607988507993 0.0525917092067946 -4.23867159428672 2.91225425967313
81000 -4.18677867645181 0.0511982363286087 -4.23797691278042 2.91200218742849
81100 -4.18711893659221 0.0511600249432307 -4.23827896153545 2.91143749459207
81200 -4.18707194989336 0.0519353181380139 -4.23900726803138 2.91113681334709
81300 -4.1874164888599 0.0508398863036722 -4.23825637516357 2.91168558134321
81400 -4.18667881603023 0.0517917030337698 -4.238470519064 2.91201003646963
81500 -4.187277968227 0.0516649687431809 -4.23894293697018 2.91246266460956
81600 -4.1863660046448 0.0515082994168477 -4.23787430406165 2.91243389973422
81700 -4.18651837874307 0.0525947722690711 -4.23911315101215 2.91086613943031
81800 -4.18801573479056 0.0515111568348087 -4.23952689162537 2.91080209954566
81900 -4.18768884737749 0.0516929948262687 -4.23938184220376 2.91115624422037
82000 -4.18723408331249 0.0516356816591062 -4.23886976497159 2.91188097506819
82100 -4.18690178088205 0.0516994783314102 -4.23860125921346 2.91252134129478
82200 -4.18775373543722 0.0512930709655152 -4.23904680640274 2.91152933236799
82300 -4.18802024655767 0.0509155749157468 -4.23893582147342 2.91104660801652
82400 -4.1867782657216 0.0512486876291319 -4.23802695335073 2.9116841926376
82500 -4.18746860814446 0.0514896408429404 -4.2389582489874 2.91160498301171
82600 -4.18684573925766 0.0522734871687529 -4.23911922642641 2.91178330029492
82700 -4.18822869715859 0.0513181500099936 -4.23954684716859 2.91181337820591
82800 -4.18743257800551 0.0519698920562337 -4.23940247006174 2.91100691560101
82900 -4.18580896698981 0.052344112120161 -4.23815307910997 2.91133004195698
83000 -4.18673216948938 0.0519755086991933 -4.23870767818857 2.91119703083201
83100 -4.18511028486769 0.0527940077648289 -4.23790429263252 2.91229564785262
83200 -4.18638291106054 0.0523909825560132 -4.23877389361655 2.91184550425683
83300 -4.18619723769919 0.0520087324313642 -4.23820597013056 2.91210155040378
83400 -4.1878699863463 0.051598011142816 -4.23946799748912 2.91075331643432
83500 -4.18805119990346 0.0507207604402804 -4.23877196034374 2.91045353568731
83600 -4.1880234201175 0.0511325857516845 -4.23915600586919 2.91125413184806
83700 -4.18654516932985 0.0526205540194747 -4.23916572334933 2.91180209261545
83800 -4.18791213212025 0.0515797334793873 -4.23949186559963 2.91142559604336
83900 -4.1864267332361 0.051846230951047 -4.23827296418715 2.91220844688377
84000 -4.18840006329979 0.0506072719512167 -4.23900733525101 2.91076410119384
84100 -4.18736364737297 0.0518359999453084 -4.23919964731828 2.90968296949253
84200 -4.18828047439988 0.0507844019373147 -4.23906487633719 2.91116127238776
84300 -4.18867060057588 0.0514625196997721 -4.24013312027565 2.91132479390279
84400 -4.18841502231666 0.05100595842569 -4.23942098074235 2.9114824543529
84500 -4.18701373484758 0.0517463574838442 -4.23876009233142 2.91179246844152
84600 -4.18665669538509 0.0524513114126234 -4.23910800679772 2.91083994587035
84700 -4.18643820751135 0.0519372930047173 -4.23837550051606 2.91065698104393
84800 -4.1880243962456 0.0511299078121748 -4.23915430405778 2.91126670769093
84900 -4.18776328703607 0.051531943095691 -4.23929523013176 2.91167577760803
85000 -4.18664354885995 0.0522349887598793 -4.23887853761982 2.91160881070632
85100 -4.18726498130318 0.0519109005637293 -4.23917588186691 2.9110478856159
85200 -4.18684644291786 0.0521523689806331 -4.2389988118985 2.91080592757508
85300 -4.1863335682004 0.0522094856906897 -4.23854305389109 2.91095509568648
85400 -4.18647757674274 0.0518739136629449 -4.23835149040568 2.91216762679591
85500 -4.18736508758479 0.0523105733012718 -4.23967566088606 2.91156702799588
85600 -4.18706679746734 0.0516862115478482 -4.23875300901519 2.9114968435331
85700 -4.18540121150804 0.0525338951479407 -4.23793510665598 2.91161957290862
85800 -4.18687313788089 0.0526875002197266 -4.23956063810062 2.91092915177679
85900 -4.18873039148353 0.0511411117102555 -4.23987150319378 2.91136217514102
86000 -4.1878841426541 0.0510289891560966 -4.2389131318102 2.91249745477227
86100 -4.18782258064945 0.0512232463616688 -4.23904582701112 2.91149497687701
86200 -4.1863380439809 0.0522149833404008 -4.2385530273213 2.91131784042113
86300 -4.18861768874031 0.0506585204275524 -4.23927620916787 2.91099102483535
86400 -4.18855966360877 0.0515290446348115 -4.24008870824358 2.91082418244687
86500 -4.18757204287442 0.0515424183914422 -4.23911446126587 2.91217609937598
86600 -4.1873981683894 0.0506766357044248 -4.23807480409383 2.91277124985403
86700 -4.18671438290619 0.0517676943285883 -4.23848207723478 2.91137382630599
86800 -4.18595034219383 0.0514304452095234 -4.23738078740335 2.91190742405307
86900 -4.18693010592065 0.0515145904659367 -4.23844469638658 2.9116287233068
87000 -4.18632713760208 0.0513118183840468 -4.23763895598613 2.91239715870438
87100 -4.18691176411079 0.0519922186200209 -4.23890398273081 2.91212650549237
87200 -4.18767271123095 0.051519743671046 -4.239192454902 2.91085142968529
87300 -4.18750390923521 0.0517013931680569 -4.23920530240327 2.91092013525024
87400 -4.18633362872597 0.0518729430068002 -4.23820657173277 2.91132129949998
87500 -4.18690735976933 0.0522358050892516 -4.23914316485858 2.91158909733004
87600 -4.18795083400851 0.0516097879505354 -4.23956062195905 2.91176035337344
87700 -4.18682658132379 0.0516229290321877 -4.23844951035598 2.91185108845516
87800 -4.18799704150069 0.0506579612410327 -4.23865500274172 2.91094115035791
87900 -4.18638203670262 0.0517638086217173 -4.23814584532433 2.91099084320039
88000 -4.18600119268311 0.0521738330794966 -4.2381750257626 2.91180495471261
88100 -4.18693554596653 0.051650986864208 -4.23858653283074 2.91197489601666
88200 -4.18694831125525 0.052408686353114 -4.23935699760837 2.91158937632099
88300 -4.18720349761513 0.0515431515028294 -4.23874664911796 2.91117421147228
88400 -4.18696505050471 0.0516503091653574 -4.23861535967006 2.91037077094887
88500 -4.18720568865034 0.0515856728110732 -4.23879136146142 2.9110103487035
88600 -4.18676004575459 0.0505722531376443 -4.23733229889223 2.91268683333277
88700 -4.1878424094775 0.0515070248968084 -4.23934943437431 2.91167952384952
88800 -4.18802325884297 0.0514135174350196 -4.23943677627799 2.91132845497752
88900 -4.18867971876617 0.0510636702398649 -4.23974338900604 2.91003142776743
89000 -4.18768822223845 0.0508863100985458 -4.23857453233699 2.91081759569642
89100 -4.18658816458133 0.0518157473084771 -4.23840391188981 2.91153921910394
89200 -4.18601105929412 0.0517354278001603 -4.23774648709428 2.9124861271401
89300 -4.18637730646393 0.0527834837545354 -4.23916079021847 2.91162334668986
89400 -4.18686928369262 0.0515004850865662 -4.23836976877918 2.91153283237549
89500 -4.18683118173756 0.051907830775295 -4.23873901251286 2.9103053263359
89600 -4.18785866495413 0.052004265148554 -4.23986293010269 2.91043569592821
89700 -4.18740650731182 0.0515657907825383 -4.23897229809436 2.91154456128485
89800 -4.18789660492587 0.0516732111805045 -4.23956981610638 2.91161886847899
89900 -4.18733918161966 0.0520887152535782 -4.23942789687324 2.91151985016182
90000 -4.18769045125268 0.0511945087064031 -4.23888495995908 2.91089228691701
90100 -4.18644305802389 0.0518020540666929 -4.23824511209058 2.91084776072597
90200 -4.18599953299296 0.0521896685063929 -4.23818920149935 2.91151551459102
90300 -4.18724999045021 0.0519339646004259 -4.23918395505063 2.91169754418686
90400 -4.18779565275246 0.0516258684133528 -4.23942152116582 2.91174200091557
90500 -4.18671482813479 0.0520965535422522 -4.23881138167704 2.91168271066305
90600 -4.18736313442103 0.0518608634535844 -4.23922399787462 2.91112920443475
90700 -4.1874526076554 0.051463886930113 -4.23891649458551 2.91128044399541
90800 -4.18743483955481 0.0510376877920074 -4.23847252734682 2.91182351484902
90900 -4.18664255315305 0.0516633791622381 -4.23830593231529 2.91243267425852
91000 -4.18741823106409 0.052057790555701 -4.23947602161979 2.91172423355789
91100 -4.18758903981431 0.0506423715988392 -4.23823141141315 2.91157544935521
91200 -4.18782554051429 0.0523307369565513 -4.24015627747084 2.91055050999902
91300 -4.18634786905962 0.0523050129745379 -4.23865288203416 2.91151516179658
91400 -4.18725399568516 0.0520921444732339 -4.23934614015839 2.91106581630998
91500 -4.18696999677092 0.0524567227529337 -4.23942671952385 2.91131408613571
91600 -4.18635376999153 0.0515920672602174 -4.23794583725175 2.91245640191405
91700 -4.18600016565469 0.0525691056024383 -4.23856927125713 2.91178484886292
91800 -4.18634287095188 0.0521346954605877 -4.23847756641247 2.9111852281603
91900 -4.18738787141003 0.0513620008938765 -4.2387498723039 2.91093047459873
92000 -4.18819480633197 0.0507397228378645 -4.23893452916984 2.91124717866414
92100 -4.18859510433477 0.0505522580503241 -4.23914736238509 2.91167007757153
92200 -4.18834112953656 0.050597177604904 -4.23893830714147 2.9115804839204
92300 -4.18686273201525 0.0521128730869711 -4.23897560510222 2.91157851504061
92400 -4.18803836534744 0.0514914478925681 -4.23952981324001 2.9110774108696
92500 -4.18615562171221 0.0523339475867028 -4.23848956929891 2.91137254682162
92600 -4.1858631237621 0.0514469592166279 -4.23731008297873 2.91217987992113
92700 -4.18685075237139 0.0520757378283294 -4.23892649019972 2.91217529553275
92800 -4.18655143208694 0.0522934040665146 -4.23884483615346 2.9121787260421
92900 -4.18671665508026 0.052419039055444 -4.23913569413571 2.91139282733016
93000 -4.18682730914264 0.0519993885700788 -4.23882669771272 2.91121069184691
93100 -4.18648081146605 0.0516671602243577 -4.23814797169041 2.9116925653776
93200 -4.18660029417221 0.0520027862591717 -4.23860308043138 2.91160625828664
93300 -4.18571605296227 0.0518925860954286 -4.2376086390577 2.91224656929853
93400 -4.18660633469237 0.0518627169436655 -4.23846905163603 2.91234192657483
93500 -4.18788031107528 0.0512186533209672 -4.23909896439625 2.91153135002987
93600 -4.188862401896 0.0508196327682989 -4.2396820346643 2.91080812882932
93700 -4.18643777904925 0.0519618064225627 -4.23839958547181 2.911347274509
93800 -4.18709514316534 0.0513727336440176 -4.23846787680936 2.9116124469407
93900 -4.18712861261759 0.0515625374544689 -4.23869115007206 2.91189392410026
94000 -4.18696300323582 0.0516110110556346 -4.23857401429146 2.91210603852991
94100 -4.18703056572592 0.0518443123449026 -4.23887487807082 2.91161379679953
94200 -4.18677595621063 0.052008076233976 -4.23878403244461 2.91108133836553
94300 -4.18630743941755 0.0528709812574801 -4.23917842067503 2.91060633841665
94400 -4.18655296902416 0.0516528400127821 -4.23820580903695 2.91181330019595
94500 -4.18743802261239 0.0510574926656936 -4.23849551527808 2.91220989034769
94600 -4.1865076957868 0.0520387906667489 -4.23854648645355 2.91198189041519
94700 -4.18628114293063 0.0515941315295563 -4.23787527446019 2.91180593907857
94800 -4.18612212936398 0.0532758350414478 -4.23939796440543 2.91112636165796
94900 -4.18690735593766 0.0518624018614401 -4.2387697577991 2.91135836084011
95000 -4.18806008567083 0.0517500026211406 -4.23981008829197 2.91109887129613
95100 -4.18712942931024 0.0517944986172308 -4.23892392792748 2.91217744848185
95200 -4.18828659946653 0.051034140879164 -4.23932074034569 2.91186685283479
95300 -4.18844659779413 0.0512619210135686 -4.23970851880769 2.91062683791986
95400 -4.18747625413749 0.051196370950308 -4.2386726250878 2.9113357176391
95500 -4.18651917455079 0.0526676176117803 -4.23918679216257 2.91124931765394
95600 -4.18716162009345 0.0519358987583797 -4.23909751885183 2.91162290233546
95700 -4.18666297591836 0.0522971834828555 -4.23896015940122 2.91212849389905
95800 -4.18617313488387 0.0521394423885097 -4.23831257727238 2.9117221259822
95900 -4.18669907913142 0.052053408958267 -4.23875248808968 2.9101725590692
96000 -4.18672181830787 0.0517666167325862 -4.23848843504045 2.91137052991104
96100 -4.18683028159386 0.0511894873765052 -4.23801976897037 2.91222601844302
96200 -4.18606268053832 0.052100043807317 -4.23816272434564 2.91227365070197
96300 -4.18685083758633 0.0522651950994915 -4.23911603268582 2.91170198901139
96400 -4.18581475512125 0.0528261466615014 -4.23864090178275 2.91098093724298
96500 -4.18639247306057 0.0524517112998938 -4.23884418436046 2.91062590733707
96600 -4.18753673050453 0.0518737173237794 -4.23941044782831 2.91122777944562
96700 -4.1876970543742 0.0516399318143496 -4.23933698618855 2.91147046164859
96800 -4.18755876672317 0.0512963013088946 -4.23885506803206 2.91170316363937
96900 -4.18723011781625 0.051161795982681 -4.23839191379893 2.9116887507285
97000 -4.18624935495072 0.0521221315117665 -4.23837148646249 2.91096623681623
97100 -4.18785054157499 0.0511773941928404 -4.23902793576783 2.91103686774041
97200 -4.18644558530327 0.0515757851597839 -4.23802137046306 2.91238040151081
97300 -4.1877944448493 0.0515085001367378 -4.23930294498604 2.91186517587492
97400 -4.18913398917803 0.0510597135758283 -4.24019370275386 2.91101937314328
97500 -4.18695092241882 0.0517851191201456 -4.23873604153896 2.91128861640084
97600 -4.18616965779974 0.052647033410308 -4.23881669121005 2.91156884115025
97700 -4.18633999151687 0.05200638256971 -4.23834637408658 2.91208496015433
97800 -4.18709587191174 0.0514613849806902 -4.23855725689243 2.91209201984426
97900 -4.1872590918068 0.0511503727480303 -4.23840946455483 2.91151673032307
98000 -4.18754267482896 0.0515849358850212 -4.23912761071398 2.91045919067894
98100 -4.18797048254197 0.0515723240153173 -4.23954280655729 2.91082309280942
98200 -4.18699201385341 0.0518654359462282 -4.23885744979964 2.91178923700655
98300 -4.18674658156303 0.0525884051912778 -4.23933498675431 2.91150284609764
98400 -4.18702031008401 0.050948211009953 -4.23796852109396 2.91199388974102
98500 -4.18891769959965 0.0506953126525023 -4.23961301225215 2.91094382797324
98600 -4.18710375035082 0.0515589946471558 -4.23866274499798 2.91159969888753
98700 -4.18684190193022 0.0520788359190753 -4.23892073784929 2.91149843087412
98800 -4.18715060142847 0.0515297622679044 -4.23868036369637 2.91190790684971
98900 -4.18537032944567 0.0531711756009074 -4.23854150504658 2.91210086438922
99000 -4.18657976372847 0.0514737133678395 -4.23805347709631 2.91148763234663
99100 -4.18737481084849 0.0515810948097336 -4.23895590565822 2.91058343827733
99200 -4.18642703157252 0.0523324487315783 -4.2387594803041 2.91101382461665
99300 -4.18766655429243 0.0516676947364804 -4.23933424902891 2.91147377376313
99400 -4.1878747256792 0.0513077798645386 -4.23918250554374 2.91173033873208
99500 -4.18656556780418 0.0521436299503306 -4.23870919775451 2.9117922965065
99600 -4.18788678237214 0.0512689804048527 -4.23915576277699 2.91104461465543
99700 -4.18829191260525 0.0509973532033374 -4.23928926580859 2.91075025928468
99800 -4.18769440331638 0.0514241233507714 -4.23911852666715 2.91094288102377
99900 -4.18842194594353 0.0509126876014109 -4.23933463354494 2.91160077219799
100000 -4.18807937873552 0.0511916309009436 -4.23927100963646 2.9119010101625
