step E [eV/atom] ke [eV/atom] pe [eV/atom] latparam
100 -4.13763553376087 0.0765241749773596 -4.21415970873822 2.92416416086927
200 -4.10359677278908 0.0927580156533166 -4.1963547884424 2.93219928059893
300 -4.0895382592308 0.0986915739307931 -4.18822983316159 2.93576024055955
400 -4.085264039281 0.10071062825018 -4.18597466753118 2.93638541238462
500 -4.0813829067693 0.102294361422448 -4.18367726819175 2.93783438234398
600 -4.07782503086253 0.104023302648559 -4.18184833351109 2.93835065311825
700 -4.08029120642066 0.103958122721813 -4.18424932914247 2.93739878876281
800 -4.07880508327179 0.104981680415622 -4.18378676368741 2.93716266584642
900 -4.08025598112626 0.10245336361167 -4.18270934473793 2.93737650728872
1000 -4.07802618750336 0.105554421383037 -4.1835806088864 2.93851428975012
1100 -4.08245192187628 0.101409337815118 -4.1838612596914 2.93815237943907
1200 -4.08386813873717 0.100417863966191 -4.18428600270336 2.93688677822434
1300 -4.08198790321357 0.102775891836818 -4.18476379505039 2.93670803688476
1400 -4.08217270459761 0.101769225874926 -4.18394193047254 2.93704976652146
1500 -4.07806841487877 0.106158097308079 -4.18422651218685 2.93743351080111
1600 -4.08045012269682 0.104058355115829 -4.18450847781264 2.93736556308646
1700 -4.08036380251925 0.102522698308335 -4.18288650082759 2.93668739363529
1800 -4.08179571503342 0.104390720014067 -4.18618643504749 2.9375725839771
1900 -4.08078491875073 0.10372850685018 -4.18451342560091 2.93813076256185
2000 -4.07947409559016 0.102494178927862 -4.18196827451802 2.93785133096853
2100 -4.07950491566419 0.103145498489882 -4.18265041415407 2.93754299034131
2200 -4.07905813810177 0.104188814802482 -4.18324695290425 2.93757212168071
2300 -4.080424106524 0.104143403976632 -4.18456751050064 2.93715798241183
2400 -4.0815483326602 0.102715195014528 -4.18426352767473 2.93737418547472
2500 -4.08113169863303 0.10283809032478 -4.18396978895781 2.93702175598974
2600 -4.08256704734605 0.101983850688337 -4.18455089803439 2.93566958248447
2700 -4.08240719687047 0.103027542661481 -4.18543473953195 2.93777141153459
2800 -4.08055084968812 0.10494047932963 -4.18549132901775 2.93701748936541
2900 -4.07871208325957 0.104097191592321 -4.18280927485189 2.93709881221815
3000 -4.08134927571392 0.101974639628592 -4.18332391534251 2.93747835382177
3100 -4.08107904050937 0.101746733608594 -4.18282577411796 2.9383916502061
3200 -4.07869081191159 0.105733906287856 -4.18442471819944 2.93716253273843
3300 -4.07913572791512 0.105513325608376 -4.18464905352349 2.93654033816761
3400 -4.07850535162626 0.104220231943662 -4.18272558356992 2.93746690677554
3500 -4.07819850744804 0.104714569995992 -4.18291307744403 2.93871437089435
3600 -4.08069885261316 0.102828128576514 -4.18352698118967 2.93697356305062
3700 -4.08176497774621 0.102905608031207 -4.18467058577741 2.93644752604829
3800 -4.08092585825984 0.102682005694168 -4.18360786395401 2.93814129097598
3900 -4.08088634858501 0.103485515911146 -4.18437186449616 2.93774012356512
4000 -4.0782179033187 0.104886540789591 -4.18310444410829 2.93766732456592
4100 -4.07894809454776 0.105011364574673 -4.18395945912243 2.93648538183739
4200 -4.07797837378162 0.104383005554468 -4.18236137933609 2.93868539893212
4300 -4.07998427525025 0.102437260696459 -4.18242153594671 2.93859616353762
4400 -4.0780826582701 0.102816939743778 -4.18089959801388 2.93794586118
4500 -4.08219470124295 0.102202334883455 -4.18439703612641 2.93647881420859
4600 -4.08095172313446 0.103494429895233 -4.18444615302969 2.93769532615412
4700 -4.07922717800475 0.104542171773125 -4.18376934977787 2.9367433505857
4800 -4.07938811007198 0.103527632564833 -4.18291574263681 2.93722653293595
4900 -4.08166318037105 0.102850360771831 -4.18451354114288 2.93764587716464
5000 -4.08095881137347 0.103764680000365 -4.18472349137384 2.93701126162783
5100 -4.08215527231139 0.102820103695795 -4.18497537600719 2.93648497417266
5200 -4.08112415090827 0.103344349360519 -4.18446850026879 2.93790747805826
5300 -4.08164782345781 0.103184224689474 -4.18483204814729 2.93717871883872
5400 -4.08098432319386 0.102782538422849 -4.18376686161671 2.93621135322275
5500 -4.08151314045025 0.103822644445143 -4.18533578489539 2.93646714324157
5600 -4.07918556877566 0.10329419861324 -4.1824797673889 2.93839215041397
5700 -4.07988555733467 0.104815994294975 -4.18470155162964 2.93714019119904
5800 -4.07863123945812 0.103757495721127 -4.18238873517925 2.93768943325039
5900 -4.07883589985898 0.105337269737858 -4.18417316959684 2.93755247123522
6000 -4.08070559397417 0.102338178315529 -4.1830437722897 2.93791289472748
6100 -4.08044547674809 0.102961700989949 -4.18340717773804 2.93724302920463
6200 -4.08226747017725 0.104269197602174 -4.18653666777942 2.93606522290544
6300 -4.08116832119042 0.101830969744583 -4.182999290935 2.93863944464746
6400 -4.08204570701379 0.102250982367749 -4.18429668938153 2.93829748670427
6500 -4.08060759878449 0.102915431763752 -4.18352303054824 2.93708464759172
6600 -4.07993022914989 0.10337192069227 -4.18330214984216 2.93774234213879
6700 -4.0803201070151 0.104321923191681 -4.18464203020678 2.93807709424035
6800 -4.08070072516326 0.10264347060253 -4.18334419576579 2.93718518945291
6900 -4.08067010878113 0.102165870925106 -4.18283597970623 2.93777750747791
7000 -4.08034971678816 0.103297953274175 -4.18364767006233 2.93756990039845
7100 -4.07885318715573 0.103592412074376 -4.18244559923011 2.93768673301731
7200 -4.07837540161726 0.106233533082981 -4.18460893470024 2.93705905149503
7300 -4.08237695946326 0.101263205305116 -4.18364016476838 2.93856041438598
7400 -4.0811770730666 0.103260343334122 -4.18443741640072 2.93692963578372
7500 -4.08040803588242 0.102853977814685 -4.1832620136971 2.93711707414594
7600 -4.08215480281488 0.103134121604707 -4.18528892441958 2.93691571384118
7700 -4.0810912933717 0.103428683768927 -4.18451997714062 2.93754381525831
7800 -4.08134310667019 0.102605811033008 -4.18394891770319 2.93740171539291
7900 -4.08120264667947 0.102862616417654 -4.18406526309712 2.93710955868941
8000 -4.08109505558797 0.103052152750951 -4.18414720833892 2.93740334817786
8100 -4.08102322452192 0.102638656569605 -4.18366188109152 2.93801510518612
8200 -4.08147632605183 0.103351931104213 -4.18482825715605 2.93715518665957
8300 -4.08089438731824 0.103094420560621 -4.18398880787886 2.93654493441428
8400 -4.08362086351907 0.100584097848405 -4.18420496136747 2.93678783111769
8500 -4.0812043950647 0.103702900973612 -4.18490729603831 2.93753045920515
8600 -4.07755735416901 0.105633549289745 -4.18319090345876 2.93781285154292
8700 -4.07978322546304 0.103733434111117 -4.18351665957416 2.9373316493895
8800 -4.07988687688754 0.101772109813411 -4.18165898670095 2.93862738219377
8900 -4.07697274937188 0.105024384326615 -4.1819971336985 2.93952380575549
9000 -4.08099436279548 0.103414971126291 -4.18440933392177 2.93639147636288
9100 -4.08179562063744 0.102771370749587 -4.18456699138703 2.93632145663332
9200 -4.08361491096058 0.101525141609697 -4.18514005257028 2.93759727111461
9300 -4.08115567412989 0.103250301131999 -4.18440597526189 2.93755390108002
9400 -4.08050767410446 0.103681323856845 -4.18418899796131 2.93683005620316
9500 -4.07961231940586 0.103821074957241 -4.1834333943631 2.93764861362904
9600 -4.07846348992945 0.104726915955527 -4.18319040588498 2.93799404294996
9700 -4.08363045027739 0.102025235498122 -4.18565568577551 2.93643735891753
9800 -4.08252622437707 0.102721491583001 -4.18524771596008 2.93624514998029
9900 -4.08102161176305 0.103024211072124 -4.18404582283518 2.9371924872497
10000 -4.07939861635385 0.103122297197321 -4.18252091355117 2.93806664708381
10100 -4.08185382378013 0.102438083672862 -4.18429190745299 2.93658808158361
10200 -4.08096758372407 0.103319758064663 -4.18428734178873 2.93658339505041
10300 -4.07804425987992 0.104449890117111 -4.18249414999703 2.93918034012181
10400 -4.08118191292701 0.101837612938728 -4.18301952586574 2.93803211313767
10500 -4.0809523655788 0.102643045362218 -4.18359541094101 2.93698109305592
10600 -4.07931606406047 0.102249155730266 -4.18156521979073 2.93831164876991
10700 -4.07938834138954 0.104543893618192 -4.18393223500773 2.93803352695156
10800 -4.07911852758118 0.102951472705321 -4.1820700002865 2.93787451023394
10900 -4.08146096234223 0.103388336347478 -4.1848492986897 2.93620143126629
11000 -4.08019711733105 0.101806384534757 -4.18200350186581 2.93867349968721
11100 -4.08106639912813 0.103070520002116 -4.18413691913025 2.93734833641004
11200 -4.08015850172315 0.104716624566596 -4.18487512628974 2.93719099554122
11300 -4.0784939637599 0.103582831353535 -4.18207679511344 2.937981942482
11400 -4.07884889589811 0.103624294022737 -4.18247318992085 2.93710902881499
11500 -4.07858856891988 0.105292634861708 -4.18388120378159 2.93715608620579
11600 -4.08045743696343 0.103501827967708 -4.18395926493114 2.93799402090387
11700 -4.07959688658446 0.103628994336499 -4.18322588092096 2.93791183710089
11800 -4.07907957229266 0.104491571070668 -4.18357114336333 2.93662333550874
11900 -4.07962108438434 0.104358547520836 -4.18397963190518 2.93759965681572
12000 -4.07996497021137 0.10316041202936 -4.18312538224074 2.93825003161058
12100 -4.08232624974285 0.103759738761601 -4.18608598850445 2.93637915304089
12200 -4.08258823402688 0.103307450325367 -4.18589568435225 2.93570992656274
12300 -4.07973581622289 0.103605014919587 -4.18334083114248 2.93747012747165
12400 -4.07690383763968 0.105000094852247 -4.18190393249192 2.93952376597234
12500 -4.07991842976217 0.103415833755897 -4.18333426351807 2.93747414958988
12600 -4.07991748399296 0.104679908764109 -4.18459739275707 2.93688694418928
12700 -4.08082963792241 0.103368049953705 -4.18419768787611 2.9370696210063
12800 -4.08098794254552 0.103456402889657 -4.18444434543518 2.93789409752574
12900 -4.07977969078593 0.104928111534712 -4.18470780232064 2.93715260980258
13000 -4.07939994979996 0.103513015944433 -4.18291296574439 2.9369365844416
13100 -4.08097840802564 0.102804387732822 -4.18378279575846 2.93748197072987
13200 -4.08077627783329 0.104376070340855 -4.18515234817415 2.93746691451641
13300 -4.08161079987903 0.103261237142614 -4.18487203702165 2.93698986351743
13400 -4.08045170431076 0.104181733558482 -4.18463343786925 2.93706995666322
13500 -4.08142343774271 0.103129778086079 -4.18455321582879 2.93766539385363
13600 -4.08163537966956 0.102811077828313 -4.18444645749787 2.93727874524363
13700 -4.07968050078936 0.102745437941362 -4.18242593873072 2.93751554288168
13800 -4.0790182205331 0.103461358173423 -4.18247957870652 2.93817750588902
13900 -4.07877711497185 0.104571265529976 -4.18334838050183 2.9383586692943
14000 -4.08141277630032 0.103030300649994 -4.18444307695032 2.93668498342468
14100 -4.07925483403696 0.102828814789673 -4.18208364882663 2.93754793706484
14200 -4.07885437135399 0.103977911341248 -4.18283228269524 2.93887504732313
14300 -4.080632469086 0.104025381442268 -4.18465785052827 2.93713750676331
14400 -4.08002586658322 0.104404939676329 -4.18443080625955 2.9368972952976
14500 -4.08171701611251 0.102585609340561 -4.18430262545307 2.93757771940619
14600 -4.08179868961065 0.103456113146112 -4.18525480275676 2.93754514673851
14700 -4.08016417836729 0.102310470050492 -4.18247464841778 2.93673469326921
14800 -4.0816490743496 0.103275293104598 -4.18492436745419 2.9363653555647
14900 -4.07867550369697 0.104153701434583 -4.18282920513155 2.93809694515648
15000 -4.07769010483586 0.1041162424054 -4.18180634724126 2.93843420491507
15100 -4.08259758342994 0.103442157522843 -4.18603974095278 2.93674729666331
15200 -4.07952988570396 0.102839322529127 -4.18236920823308 2.93838899273826
15300 -4.07913693701211 0.104225173958839 -4.18336211097095 2.9373669596248
15400 -4.08031114449238 0.103490295315292 -4.18380143980767 2.93652345094945
15500 -4.08116974632832 0.10426789162621 -4.18543763795453 2.936471587107
15600 -4.0819522011261 0.102152545409632 -4.18410474653573 2.93835038252023
15700 -4.07916746458659 0.10475254281416 -4.18392000740076 2.93732530122155
15800 -4.07885018857026 0.105373268197356 -4.18422345676762 2.93671328201621
15900 -4.08007669013179 0.104443708611434 -4.18452039874323 2.9379946339388
16000 -4.08350437930882 0.100573920974561 -4.18407830028338 2.93783353177102
16100 -4.08123743681751 0.102611523329587 -4.1838489601471 2.93678589986803
16200 -4.08168580084399 0.102223150002187 -4.18390895084617 2.9373517013773
16300 -4.08255622462234 0.102196489982421 -4.18475271460476 2.93706967783984
16400 -4.08190516474934 0.102439049582787 -4.18434421433212 2.93756730969864
16500 -4.08329936820544 0.102268572052168 -4.1855679402576 2.93502051248597
16600 -4.07900492560937 0.1054775466684 -4.18448247227777 2.93749882850195
16700 -4.0783599717148 0.104060496375023 -4.18242046808982 2.93893750758887
16800 -4.08037639315766 0.102447155742396 -4.18282354890005 2.93741901549956
16900 -4.08141520585513 0.103544685687303 -4.18495989154244 2.93681732866453
17000 -4.07738466271616 0.105429852450673 -4.18281451516683 2.93732261889464
17100 -4.07758786514052 0.105317602771731 -4.18290546791225 2.93788573225731
17200 -4.07791020372322 0.104995789493326 -4.18290599321654 2.93904036913072
17300 -4.08352109369529 0.101908573095594 -4.18542966679088 2.93627582979137
17400 -4.07902944491357 0.102815598878923 -4.1818450437925 2.93732644029147
17500 -4.08074700030076 0.104830907210065 -4.18557790751083 2.93758052084571
17600 -4.07960805762321 0.103529409791618 -4.18313746741482 2.93824925810471
17700 -4.07801736468633 0.104242897483859 -4.18226026217019 2.93774368358452
17800 -4.0792338839351 0.103571775325497 -4.1828056592606 2.93807441960207
17900 -4.07776694655804 0.103955020102435 -4.18172196666048 2.93840710425625
18000 -4.079013677487 0.103524682138298 -4.1825383596253 2.93737235579463
18100 -4.07737433262584 0.105080119191657 -4.1824544518175 2.93910775845278
18200 -4.0783628324612 0.104967154038097 -4.18332998649929 2.93771726775737
18300 -4.08017593840374 0.104185029275222 -4.18436096767896 2.93643344009974
18400 -4.08024118353213 0.103976743644843 -4.18421792717697 2.93750622317172
18500 -4.08112791645807 0.103274514063704 -4.18440243052178 2.93711112356851
18600 -4.08040997499946 0.102423839798668 -4.18283381479813 2.93758789852932
18700 -4.07919358612436 0.103983566534813 -4.18317715265917 2.93721581153529
18800 -4.07991438311114 0.102574773941188 -4.18248915705233 2.93813170617249
18900 -4.07879580764573 0.104698417667875 -4.1834942253136 2.93784612438008
19000 -4.07759830653655 0.105122827730823 -4.18272113426737 2.93788787881289
19100 -4.08013814857475 0.104468283726621 -4.18460643230137 2.93655717744165
19200 -4.07982425391257 0.104555442364279 -4.18437969627685 2.93740846885763
19300 -4.08074669866478 0.104380171961055 -4.18512687062584 2.93744205564632
19400 -4.08156434097071 0.10193599216736 -4.18350033313807 2.93668701968461
19500 -4.08121824107393 0.102248330349728 -4.18346657142366 2.93707311473623
19600 -4.07905195575102 0.104935814781419 -4.18398777053244 2.93781170919291
19700 -4.08012278398202 0.103834413057786 -4.18395719703981 2.93715052335697
19800 -4.0816411307558 0.102356636063682 -4.18399776681948 2.93662898264812
19900 -4.07962652161647 0.10479952992612 -4.18442605154259 2.9383832454937
20000 -4.08009682771504 0.105013870186646 -4.18511069790169 2.93757947514539
20100 -4.07965561702492 0.106592714336068 -4.18624833136099 2.93575644321375
20200 -4.0798342213969 0.103039411237731 -4.18287363263463 2.93842771953431
20300 -4.07849729417613 0.104022468519832 -4.18251976269596 2.93865037237152
20400 -4.08295247235392 0.102573162902493 -4.18552563525642 2.93645753520447
20500 -4.08329101699872 0.101810984843739 -4.18510200184246 2.93656475773179
20600 -4.08347578686708 0.103072876254772 -4.18654866312185 2.93659383300609
20700 -4.08060326660365 0.103162361873838 -4.18376562847749 2.93898481755944
20800 -4.08391308409481 0.102818118623415 -4.18673120271823 2.93565428629602
20900 -4.07845243940711 0.103078583093262 -4.18153102250037 2.93781414331043
21000 -4.07969338951418 0.104664271401875 -4.18435766091605 2.93764711175826
21100 -4.07887766913794 0.104079481156347 -4.18295715029429 2.93802569533615
21200 -4.07856461454952 0.104059221373126 -4.18262383592264 2.93635947182643
21300 -4.08020714875651 0.103035062994576 -4.18324221175108 2.93800454230897
21400 -4.08007972276314 0.102923898442696 -4.18300362120583 2.93807629168992
21500 -4.07985213577487 0.102830034144413 -4.18268216991928 2.937575230949
21600 -4.08231152258403 0.102107672895902 -4.18441919547993 2.93626410570439
21700 -4.08188654789627 0.103308800595637 -4.18519534849191 2.93728134565215
21800 -4.08267377704909 0.100791998345843 -4.18346577539494 2.93830403771774
21900 -4.079855063935 0.102475642084543 -4.18233070601954 2.9380387344069
22000 -4.08333058457504 0.102240017504287 -4.18557060207933 2.93627339392981
22100 -4.08219397352735 0.103518604409451 -4.1857125779368 2.93721889950173
22200 -4.07856116370458 0.103740202802516 -4.1823013665071 2.93841648605871
22300 -4.07952969486713 0.103364641903075 -4.18289433677021 2.93663073704289
22400 -4.07953929572031 0.103442046012868 -4.18298134173318 2.93739691487349
22500 -4.08150464284688 0.101655023941839 -4.18315966678872 2.93797253093223
22600 -4.08253548638933 0.101634516517087 -4.18417000290642 2.93708071149744
22700 -4.08273678687641 0.102243877414109 -4.18498066429052 2.9364543339775
22800 -4.08096598449282 0.103441817793819 -4.18440780228664 2.93731291530906
22900 -4.07823122999333 0.104192282220474 -4.18242351221381 2.93908919552421
23000 -4.07923272831431 0.103995154656137 -4.18322788297045 2.93673601972914
23100 -4.08064695249381 0.103446162468391 -4.1840931149622 2.9365870733181
23200 -4.078963760269 0.103792745792684 -4.18275650606169 2.93828156057624
23300 -4.08103531727555 0.102602407273882 -4.18363772454943 2.93793450608831
23400 -4.0785262571736 0.103891924484557 -4.18241818165815 2.93773723583391
23500 -4.07815225684537 0.104812667098487 -4.18296492394386 2.93747076582643
23600 -4.07939082061688 0.103163905662225 -4.1825547262791 2.9391885848573
23700 -4.07839045763213 0.104089887111432 -4.18248034474357 2.93827709443486
23800 -4.08054059485848 0.10470568321477 -4.18524627807325 2.93599021375256
23900 -4.0793644396996 0.102906983673866 -4.18227142337347 2.93803746719284
24000 -4.07833927107031 0.103237603246978 -4.18157687431729 2.93916622323881
24100 -4.07854817862187 0.10382307226002 -4.18237125088189 2.93831347969823
24200 -4.08147341246616 0.103140951993202 -4.18461436445936 2.9356080795743
24300 -4.08256102446631 0.101930477548649 -4.18449150201495 2.93672244144655
24400 -4.08313657013351 0.10110273257366 -4.18423930270717 2.93748984162148
24500 -4.08355277831142 0.101778107076389 -4.18533088538781 2.93700835409455
24600 -4.0833541559529 0.102218092015484 -4.18557224796838 2.93524529389285
24700 -4.08222778154899 0.103893461205811 -4.1861212427548 2.93629338741404
24800 -4.07974765153262 0.102664265559595 -4.18241191709221 2.93846976284789
24900 -4.08093673778946 0.102862219133212 -4.18379895692267 2.93718689961354
25000 -4.08000725634483 0.10301467881815 -4.18302193516297 2.93794714649029
25100 -4.07967077289217 0.104075399916883 -4.18374617280906 2.93844381891913
25200 -4.07974045190149 0.102568081495771 -4.18230853339726 2.93820579271611
25300 -4.08015288713517 0.104767281541296 -4.18492016867646 2.93579127701352
25400 -4.08027478620848 0.102931367147936 -4.18320615335641 2.93756184085637
25500 -4.08086829113277 0.103909694285388 -4.18477798541816 2.93767197473812
25600 -4.0818112728991 0.102816152726679 -4.18462742562578 2.93700383302091
25700 -4.08108675722156 0.103463874462608 -4.18455063168416 2.93639025720726
25800 -4.08006570373447 0.10209120389438 -4.18215690762885 2.9388269540215
25900 -4.08084027538638 0.104046224492648 -4.18488649987902 2.93717787114865
26000 -4.08077194373897 0.102346271460548 -4.18311821519952 2.93690105231582
26100 -4.07939533842337 0.103394095960594 -4.18278943438397 2.93816507547705
26200 -4.08023694222912 0.104600558677653 -4.18483750090677 2.93741832535557
26300 -4.07947889568498 0.10397986139611 -4.18345875708108 2.93748194711514
26400 -4.08138389160843 0.102300262779823 -4.18368415438825 2.9360208965379
26500 -4.08141124062094 0.103296615457628 -4.18470785607857 2.93717360234651
26600 -4.07956117129233 0.104509618715948 -4.18407079000828 2.93773358709263
26700 -4.07913476732988 0.104822601759478 -4.18395736908936 2.93768230520523
26800 -4.07676903836594 0.104318220698688 -4.18108725906463 2.93810007835265
26900 -4.08057094798747 0.102708979822432 -4.1832799278099 2.93682095776176
27000 -4.07925837134139 0.105329616389582 -4.18458798773097 2.93831483003356
27100 -4.07902606440651 0.103994914238933 -4.18302097864544 2.93803241231698
27200 -4.07921657717687 0.1042579385887 -4.18347451576556 2.9375216657633
27300 -4.07950142523536 0.104330502395846 -4.1838319276312 2.93768091638172
27400 -4.08089378897824 0.101851428423049 -4.18274521740129 2.93818783248491
27500 -4.08089799477288 0.103102621074401 -4.18400061584729 2.93666743183894
27600 -4.08173441093637 0.103078439293974 -4.18481285023034 2.93658948836184
27700 -4.08125162628868 0.102210763922076 -4.18346239021075 2.93777393209611
27800 -4.08046782512462 0.104616480864648 -4.18508430598927 2.9372222993984
27900 -4.081336351613 0.101822279189855 -4.18315863080285 2.93754037780087
28000 -4.08066616049204 0.103920135957285 -4.18458629644933 2.93643110620794
28100 -4.07960898263563 0.104650513477614 -4.18425949611324 2.93804397855524
28200 -4.08152814281097 0.101766564801925 -4.18329470761289 2.9383230997942
28300 -4.08046870706777 0.10203291709166 -4.18250162415943 2.93700257520896
28400 -4.07874995356025 0.103716552526891 -4.18246650608714 2.93760080198197
28500 -4.08040237837057 0.102896395235998 -4.18329877360657 2.93855778539217
28600 -4.08202876980205 0.102543172268246 -4.1845719420703 2.93674305639514
28700 -4.08325391055245 0.102299854919975 -4.18555376547243 2.93601788502396
28800 -4.08232405293513 0.102416543854823 -4.18474059678995 2.93750389728145
28900 -4.0826897766556 0.102344555200913 -4.18503433185651 2.9381652404328
29000 -4.08127189515204 0.103279733162815 -4.18455162831486 2.93635586679975
29100 -4.08170895262561 0.101608686035035 -4.18331763866065 2.9373740721266
29200 -4.08281222741552 0.102631426030152 -4.18544365344567 2.93670775821145
29300 -4.08233935429208 0.103337944207575 -4.18567729849965 2.93694892575462
29400 -4.08157067120492 0.1047216628062 -4.18629233401112 2.93577917529487
29500 -4.07746582015577 0.103905791175669 -4.18137161133144 2.93846616042854
29600 -4.08068938610346 0.104150984732485 -4.18484037083595 2.93818435452683
29700 -4.08122545181042 0.104097404840668 -4.18532285665109 2.93641799330897
29800 -4.0779289565881 0.104649512205915 -4.18257846879402 2.93791272253201
29900 -4.07872643924799 0.103814529685331 -4.18254096893333 2.93867708806172
30000 -4.08158080229631 0.102518106263447 -4.18409890855975 2.9376507566602
30100 -4.08116808803261 0.101830829584463 -4.18299891761707 2.93659949475168
30200 -4.08022856657609 0.104486478961067 -4.18471504553716 2.93695986977617
30300 -4.08199457486716 0.102698844244108 -4.18469341911127 2.93777232045777
30400 -4.07780612376301 0.103326241662773 -4.18113236542579 2.93829372581153
30500 -4.07962372176117 0.104547428877731 -4.1841711506389 2.93772519531085
30600 -4.08167068893377 0.104098190788033 -4.1857688797218 2.93657315662811
30700 -4.08354329546695 0.102226133548448 -4.1857694290154 2.93652430061029
30800 -4.08153028436969 0.102836009992609 -4.1843662943623 2.93773668238216
30900 -4.08032744247562 0.104980350640981 -4.1853077931166 2.93699948285395
31000 -4.08277002750352 0.102798117724531 -4.18556814522805 2.93491632813954
31100 -4.0833532914437 0.103124210736448 -4.18647750218015 2.93614151258774
31200 -4.07952048922882 0.104456838662772 -4.18397732789159 2.93839006273358
31300 -4.07976089263351 0.102568674198989 -4.1823295668325 2.93807770310465
31400 -4.07882224724972 0.104512875821213 -4.18333512307093 2.93735276546786
31500 -4.07882872895351 0.106146430785766 -4.18497515973928 2.93716432049187
31600 -4.07896638398025 0.105859197729877 -4.18482558171013 2.93736972125977
31700 -4.07940426887008 0.104792599192373 -4.18419686806246 2.93588879907284
31800 -4.0806789710793 0.10235175679943 -4.18303072787873 2.93763151779317
31900 -4.08171369568715 0.101930524166858 -4.18364421985401 2.93829742339591
32000 -4.08258124917534 0.102851358027798 -4.18543260720314 2.9365341390879
32100 -4.07932454854332 0.104358615167048 -4.18368316371037 2.93730615150419
32200 -4.08194044024179 0.103215166365009 -4.1851556066068 2.93753173284771
32300 -4.08287666387208 0.101991015236701 -4.18486767910878 2.93713686155872
32400 -4.08323386100415 0.10318169414118 -4.18641555514533 2.93547715932555
32500 -4.08223502094282 0.103779612066195 -4.18601463300901 2.93704036163522
32600 -4.08385351777149 0.101922878163964 -4.18577639593545 2.93718921642023
32700 -4.0819800401188 0.104184391203407 -4.18616443132221 2.93619006402096
32800 -4.08065204611711 0.102847869512077 -4.18349991562918 2.93712358088041
32900 -4.0804656669926 0.102572228226266 -4.18303789521887 2.9377191003209
33000 -4.07894956937591 0.105999131730619 -4.18494870110653 2.93714233649257
33100 -4.07823013879384 0.104766668258892 -4.18299680705273 2.93807081174793
33200 -4.07942927133668 0.105105369707505 -4.18453464104418 2.93616334418467
33300 -4.08163074996239 0.102494259436814 -4.18412500939921 2.93764227327507
33400 -4.08204795284623 0.101333789213846 -4.18338174206008 2.9379876610161
33500 -4.08305845579589 0.100757778206813 -4.18381623400271 2.93730581755165
33600 -4.08078190046245 0.104177892859051 -4.1849597933215 2.9366562916702
33700 -4.08255648497689 0.10179937450762 -4.18435585948451 2.93785840698178
33800 -4.08239305619198 0.102686414032238 -4.18507947022421 2.93694679042268
33900 -4.07841826138293 0.105825379601958 -4.18424364098489 2.9377552762549
34000 -4.08124930617666 0.102699235347509 -4.18394854152417 2.93735765234166
34100 -4.07977631421669 0.10466089668427 -4.18443721090096 2.93626992983014
34200 -4.07895195657392 0.103897135415894 -4.18284909198981 2.93807369025667
34300 -4.07787519818459 0.10513238645598 -4.18300758464057 2.93817196324075
34400 -4.07800587052242 0.104586554800894 -4.18259242532331 2.93758088437223
34500 -4.08312466676006 0.102952735638614 -4.18607740239867 2.93610214120537
34600 -4.08064709031012 0.102483177579248 -4.18313026788937 2.93843804595822
34700 -4.08074013624708 0.101815724465134 -4.18255586071221 2.93814769837873
34800 -4.08379778259794 0.101044779377481 -4.18484256197542 2.93576465906424
34900 -4.08152553064161 0.10319886918156 -4.18472439982317 2.9368483264727
35000 -4.08305469586187 0.103005552617012 -4.18606024847888 2.93701715196957
35100 -4.08167292726041 0.102681726954343 -4.18435465421475 2.93784315881891
35200 -4.07921568490003 0.103944634919142 -4.18316031981917 2.93652707740711
35300 -4.08008229558955 0.101922110865227 -4.18200440645478 2.93806748704712
35400 -4.0798605621564 0.10484983189305 -4.18471039404945 2.93795350705475
35500 -4.07860872042585 0.10600759006386 -4.18461631048971 2.93637190178125
35600 -4.08144710341002 0.103099483102391 -4.18454658651241 2.93667680146211
35700 -4.08102120306269 0.102817393352719 -4.18383859641541 2.93796495209358
35800 -4.07935647543476 0.10406448777188 -4.18342096320664 2.93829667761766
35900 -4.08238838903848 0.10332615146703 -4.18571454050551 2.93644351411128
36000 -4.08124875951952 0.102938196081686 -4.1841869556012 2.93720139268703
36100 -4.08193910191888 0.102534281400068 -4.18447338331895 2.93719185911126
36200 -4.08157912277503 0.103870107179804 -4.18544922995483 2.93719810698759
36300 -4.08063695813204 0.103071722810982 -4.18370868094302 2.93749646196012
36400 -4.08178206027981 0.101837738321903 -4.18361979860171 2.93634139504456
36500 -4.08041434759098 0.102873730032824 -4.1832880776238 2.93813435460194
36600 -4.0777266345198 0.104567088971687 -4.18229372349148 2.93856740362085
36700 -4.07955707109845 0.104601896839177 -4.18415896793763 2.93740503058704
36800 -4.07717361199723 0.103968972510031 -4.18114258450726 2.93799817801209
36900 -4.07842124619187 0.103716098651366 -4.18213734484323 2.93875240986597
37000 -4.07878118280749 0.105583683077674 -4.18436486588516 2.93788994735329
37100 -4.07620171879533 0.104873829547499 -4.18107554834283 2.93817127060953
37200 -4.07506955032739 0.107377882448748 -4.18244743277614 2.93790792531709
37300 -4.08008169249529 0.105559510217829 -4.18564120271312 2.93674881534785
37400 -4.08025324877331 0.104109218482271 -4.18436246725558 2.93694456525496
37500 -4.07966297182042 0.10580243174407 -4.18546540356449 2.9362983741557
37600 -4.0815596498278 0.102232815548521 -4.18379246537632 2.93881186348217
37700 -4.07950557723875 0.104170521535804 -4.18367609877456 2.9377360929847
37800 -4.08086207048359 0.104110004264968 -4.18497207474856 2.93636882353383
37900 -4.08100506709568 0.102262641612263 -4.18326770870794 2.93750483502583
38000 -4.07893957600217 0.104737247858627 -4.18367682386079 2.93825395755507
38100 -4.08009790871316 0.102573789903437 -4.18267169861659 2.93790502749167
38200 -4.0819047728637 0.102255727459026 -4.18416050032272 2.93685903707382
38300 -4.0812366375238 0.104118989431208 -4.18535562695501 2.93676030657944
38400 -4.08209253210548 0.103283251911188 -4.18537578401667 2.9381396925801
38500 -4.07985951879981 0.102686173480748 -4.18254569228056 2.93749037674321
38600 -4.08269104577167 0.102834307707872 -4.18552535347955 2.93655476478348
38700 -4.07900998047001 0.104519141476964 -4.18352912194697 2.93817594475372
38800 -4.07984813567719 0.103767542066261 -4.18361567774345 2.93755164711798
38900 -4.08062753205024 0.103892416055812 -4.18451994810605 2.93604187310516
39000 -4.08199649470846 0.103391124790731 -4.18538761949919 2.93693774652579
39100 -4.08056419646326 0.103933577039511 -4.18449777350277 2.93842120106453
39200 -4.08083101782439 0.103461381846066 -4.18429239967045 2.93670553713317
39300 -4.08015981733293 0.102726622560228 -4.18288643989316 2.9370763707917
39400 -4.07954388471686 0.104959820093546 -4.18450370481041 2.93717293883642
39500 -4.08001589700695 0.103271295360218 -4.18328719236717 2.93771799218595
39600 -4.07836081348572 0.104398614141838 -4.18275942762756 2.93733137591265
39700 -4.07938718947214 0.104601436267458 -4.1839886257396 2.93645549801043
39800 -4.08107824577019 0.103185590443307 -4.1842638362135 2.93753013675338
39900 -4.08100510260989 0.10398760827163 -4.18499271088152 2.93739306450452
40000 -4.0805268133111 0.101446926871722 -4.18197374018282 2.93793285227226
40100 -4.08140437390038 0.103023658109315 -4.1844280320097 2.93665900633958
40200 -4.08061062494253 0.102613283889439 -4.18322390883197 2.93764335844495
40300 -4.08109575944225 0.104246338576245 -4.18534209801849 2.93693424764183
40400 -4.08111856909619 0.104157147135765 -4.18527571623195 2.9366095886952
40500 -4.08228642286822 0.10232118740784 -4.18460761027606 2.93762593742868
40600 -4.0807772806936 0.103187352707138 -4.18396463340073 2.93726404017332
40700 -4.08036259710004 0.104209630472781 -4.18457222757282 2.93554069584005
40800 -4.0837743383998 0.101697428175241 -4.18547176657504 2.93638354719326
40900 -4.0840332327934 0.101557940999818 -4.18559117379322 2.93707777319053
41000 -4.08157829428776 0.103649933089119 -4.18522822737688 2.93758064706021
41100 -4.08092499163356 0.103152077290085 -4.18407706892364 2.93676201020281
41200 -4.0791098590442 0.104684615702598 -4.1837944747468 2.93631805435236
41300 -4.07991888614711 0.103851737815562 -4.18377062396267 2.93859284699143
41400 -4.07933554365403 0.104690702863252 -4.18402624651728 2.93806692373878
41500 -4.07854315118908 0.105821741219287 -4.18436489240837 2.93684888273998
41600 -4.07989663577503 0.104402043889972 -4.184298679665 2.93669566709783
41700 -4.07888679897293 0.10403081339487 -4.1829176123678 2.9381840152375
41800 -4.07874753013559 0.10541419812507 -4.18416172826066 2.93771553727253
41900 -4.0790098984391 0.103237033411978 -4.18224693185108 2.93765652958863
42000 -4.07862107913411 0.104198429699381 -4.18281950883349 2.93747773876319
42100 -4.0796412066654 0.101166041133522 -4.18080724779892 2.93897707566127
42200 -4.07963411578555 0.104868607319209 -4.18450272310476 2.93644734390374
42300 -4.0804855421802 0.102915360771517 -4.18340090295172 2.9368364330083
42400 -4.08030496252048 0.10252650280746 -4.18283146532794 2.93796189583723
42500 -4.07832333990851 0.102618923760315 -4.18094226366883 2.9389109167038
42600 -4.07667043320854 0.105104415597149 -4.18177484880569 2.9369451028423
42700 -4.07856195994369 0.104382882942514 -4.1829448428862 2.93724585083568
42800 -4.07974176484904 0.104050311520431 -4.18379207636947 2.93811033083709
42900 -4.07979854924736 0.103488121064684 -4.18328667031204 2.93730181180178
43000 -4.08098017803613 0.104958007097073 -4.1859381851332 2.93614712014627
43100 -4.07914453448986 0.104177111705573 -4.18332164619544 2.93806902526625
43200 -4.07876836062037 0.103534827090885 -4.18230318771126 2.93875024052313
43300 -4.07914126158665 0.104523525596366 -4.18366478718301 2.93738311596428
43400 -4.07780337385529 0.104164748961499 -4.18196812281679 2.93715929305654
43500 -4.0803576525248 0.105374767362467 -4.18573241988726 2.93680439933888
43600 -4.08058506266283 0.104178555550644 -4.18476361821348 2.9377904670106
43700 -4.08215741715602 0.102636481908358 -4.18479389906437 2.93652014949132
43800 -4.08006339383036 0.102783647245429 -4.18284704107579 2.93771360650721
43900 -4.07875414162753 0.104538664905658 -4.18329280653319 2.93776229586586
44000 -4.08261140899192 0.101219707037492 -4.18383111602942 2.93776405645573
44100 -4.08094833949999 0.103775848882139 -4.18472418838213 2.936553294829
44200 -4.0800449358014 0.104589581859994 -4.18463451766139 2.93633697278703
44300 -4.08251221899369 0.102999923180642 -4.18551214217433 2.93707261261215
44400 -4.08197958053034 0.103458866368439 -4.18543844689878 2.93705676371873
44500 -4.08108491555685 0.10269327261843 -4.18377818817528 2.93715018099892
44600 -4.08197253146623 0.103043256826065 -4.1850157882923 2.93645146186812
44700 -4.08167019128037 0.101909074043288 -4.18357926532366 2.93758591788878
44800 -4.07949594808249 0.104175191940756 -4.18367114002324 2.93829636559405
44900 -4.07992856768204 0.102610584323644 -4.18253915200569 2.93741074103952
45000 -4.08239953823858 0.102509216761803 -4.18490875500038 2.93676076317327
45100 -4.08169259121009 0.103539112393567 -4.18523170360365 2.93761373281231
45200 -4.08314168211369 0.101596161396651 -4.18473784351034 2.93684947030788
45300 -4.08267564154919 0.102697842019731 -4.18537348356892 2.93608826792322
45400 -4.08100144936808 0.103712543842964 -4.18471399321104 2.93891261928235
45500 -4.08090690739099 0.102341084289706 -4.18324799168069 2.93800654168345
45600 -4.08258363206429 0.102287357470643 -4.18487098953493 2.9364592264119
45700 -4.08177299419889 0.103731440314659 -4.18550443451355 2.93658100250957
45800 -4.08225682126238 0.102054245053747 -4.18431106631612 2.93775821150194
45900 -4.08176705593874 0.102537336519029 -4.18430439245777 2.93757992645444
46000 -4.08218519885807 0.103061448920954 -4.18524664777903 2.93579256299739
46100 -4.079329830122 0.103970305596897 -4.1833001357189 2.93766511431882
46200 -4.08068945307589 0.10285626679381 -4.1835457198697 2.93829219394905
46300 -4.08195459423396 0.102303484382725 -4.18425807861669 2.93731113938077
46400 -4.0828888925906 0.102654882494188 -4.18554377508479 2.93653308728758
46500 -4.08209523714115 0.102972583470519 -4.18506782061167 2.93763233440985
46600 -4.0804958730851 0.103749770674487 -4.18424564375958 2.93815868324723
46700 -4.08004077536207 0.104061911490872 -4.18410268685294 2.93716905189276
46800 -4.08152927662714 0.102646874065595 -4.18417615069274 2.93760580249857
46900 -4.07985276168908 0.104129759271427 -4.18398252096051 2.93793317895936
47000 -4.08194522013304 0.102299696510552 -4.18424491664359 2.9367159142767
47100 -4.08008016606965 0.104882818996264 -4.18496298506592 2.93642371151592
47200 -4.07992272715644 0.104200958414328 -4.18412368557077 2.93761404585649
47300 -4.0819108694217 0.102108330565287 -4.18401919998698 2.93731126923372
47400 -4.08163174953677 0.101843043505106 -4.18347479304188 2.93748447946658
47500 -4.08103795754045 0.102970747547016 -4.18400870508747 2.93743398763956
47600 -4.08132934166507 0.1033892640379 -4.18471860570297 2.93721715276846
47700 -4.08071283432508 0.102788125316848 -4.18350095964193 2.93754869764178
47800 -4.08187628088451 0.102745653552138 -4.18462193443665 2.9367758592625
47900 -4.0790545777196 0.104982706019489 -4.18403728373909 2.93746241371134
48000 -4.08121561675479 0.102512071932945 -4.18372768868773 2.9376933734133
48100 -4.08292721393898 0.103359939796876 -4.18628715373586 2.9355507771121
48200 -4.07980227444192 0.103614358984938 -4.18341663342686 2.93626522582967
48300 -4.07791410444433 0.105169662769959 -4.18308376721428 2.9386048036719
48400 -4.08066297626868 0.102221908731809 -4.18288488500049 2.93759654216719
48500 -4.08152060446905 0.102027581168362 -4.18354818563742 2.936517802684
48600 -4.08164848903355 0.103826542516244 -4.1854750315498 2.93663866961748
48700 -4.0806203426756 0.102819476254136 -4.18343981892974 2.93796806441817
48800 -4.07952517010908 0.103949071670844 -4.18347424177993 2.93707792137107
48900 -4.07907796130889 0.103747535861369 -4.18282549717026 2.9378470616722
49000 -4.08021730159011 0.102417887607299 -4.18263518919741 2.93786867634147
49100 -4.08162742103071 0.10481573553955 -4.18644315657026 2.93615791723719
49200 -4.0796424051091 0.105782440723266 -4.18542484583237 2.93606013757367
49300 -4.08011610562161 0.102971969409666 -4.18308807503128 2.9384337511646
49400 -4.08072341084811 0.103647842318924 -4.18437125316703 2.93782446808848
49500 -4.08157061221166 0.103212953309616 -4.18478356552127 2.93656117823874
49600 -4.08057166009894 0.103774520160566 -4.18434618025951 2.9373284751656
49700 -4.08089683001332 0.103942225224795 -4.18483905523811 2.9384960974048
49800 -4.08075987261277 0.10476248425428 -4.18552235686705 2.93687699686714
49900 -4.0801263866263 0.105219288220701 -4.185345674847 2.93626181388678
50000 -4.08240174155652 0.101888151804465 -4.18428989336099 2.93743826854651
50100 -4.08006243150979 0.104035966951098 -4.18409839846088 2.93723402653565
50200 -4.08220083456654 0.102264706061429 -4.18446554062797 2.93681220500733
50300 -4.08357672729162 0.101675896323613 -4.18525262361523 2.9360258218945
50400 -4.08116696434037 0.101215473048871 -4.18238243738924 2.93892069466286
50500 -4.07892745830156 0.104446167697982 -4.18337362599955 2.93816179165011
50600 -4.07943499551403 0.102992072216066 -4.1824270677301 2.93784691739972
50700 -4.07888596354775 0.105995893197257 -4.184881856745 2.93714790815665
50800 -4.08227357972621 0.101155142198003 -4.18342872192421 2.93759926170992
50900 -4.08115989821772 0.102525057647336 -4.18368495586506 2.93738331768004
51000 -4.08006257102661 0.103934209620799 -4.18399678064741 2.93808878297088
51100 -4.08001118439176 0.103372084596399 -4.18338326898816 2.93744905152646
51200 -4.0816808069805 0.101590932332206 -4.18327173931271 2.93665697986493
51300 -4.07800495387196 0.105586950937507 -4.18359190480946 2.93742594887468
51400 -4.08101444623051 0.103865767132832 -4.18488021336334 2.93719695908002
51500 -4.08175714319527 0.102890403298845 -4.18464754649412 2.93703275258689
51600 -4.08180323614925 0.103326559069578 -4.18512979521883 2.93642944075189
51700 -4.07925502467412 0.102597419703272 -4.18185244437739 2.93747055775874
51800 -4.07993709084172 0.103584976809257 -4.18352206765098 2.93852273870461
51900 -4.07972407356198 0.1032777529568 -4.18300182651878 2.93798983819155
52000 -4.07985806123384 0.101852221683538 -4.18171028291738 2.93776477218028
52100 -4.08218040222256 0.102402547902622 -4.18458295012518 2.93718457177349
52200 -4.0810904811062 0.103248462311432 -4.18433894341763 2.93753904576707
52300 -4.07888979651316 0.10435062410642 -4.18324042061958 2.93812704238116
52400 -4.07904369232308 0.104445474928439 -4.18348916725152 2.93746474334411
52500 -4.07998504854067 0.1034755324668 -4.18346058100747 2.93696028892056
52600 -4.08120061308645 0.102566621926924 -4.18376723501338 2.93797204389528
52700 -4.0801699352486 0.103933313439109 -4.18410324868771 2.93768163263073
52800 -4.07922788542531 0.102758139390765 -4.18198602481608 2.93812395916849
52900 -4.07964333341324 0.104515016062657 -4.1841583494759 2.93694354745812
53000 -4.07800683321116 0.104836990766386 -4.18284382397755 2.93830028622483
53100 -4.07889353288246 0.103171724610013 -4.18206525749247 2.93917617364201
53200 -4.08282342261529 0.103372070318013 -4.1861954929333 2.9356243264248
53300 -4.08048489454035 0.102747081903894 -4.18323197644424 2.93729633433407
53400 -4.07937473972154 0.103639112105815 -4.18301385182735 2.93826626688667
53500 -4.0818447102135 0.104039349977691 -4.18588406019119 2.93686350068147
53600 -4.07927007456539 0.104244004461981 -4.18351407902737 2.9373915921603
53700 -4.07888758480375 0.103806118955373 -4.18269370375912 2.93807706426416
53800 -4.0801884550903 0.101545092856124 -4.18173354794642 2.93964693456749
53900 -4.07959969583246 0.104160443308981 -4.18376013914144 2.93740807206146
54000 -4.08221151826332 0.103728294823085 -4.18593981308641 2.93658915275581
54100 -4.07954291164304 0.103658638824933 -4.18320155046797 2.93779352836063
54200 -4.08012884745228 0.102138782162102 -4.18226762961438 2.93847251473155
54300 -4.07985995963805 0.103161822366481 -4.18302178200453 2.9362653939538
54400 -4.07982488501717 0.104349306728949 -4.18417419174612 2.93695458235794
54500 -4.07761789647398 0.1052574570737 -4.18287535354768 2.93809563255632
54600 -4.08133691652926 0.102934793859079 -4.18427171038833 2.9369231080509
54700 -4.07874110134903 0.106489629757187 -4.18523073110622 2.93571744657812
54800 -4.08097934976672 0.103802546475444 -4.18478189624216 2.93685566084416
54900 -4.08027791715904 0.103565346266999 -4.18384326342604 2.93793435829789
55000 -4.08022123613073 0.103008045209885 -4.18322928134062 2.93783566409468
55100 -4.07949345877 0.103637536977763 -4.18313099574777 2.93735517057947
55200 -4.08248793823772 0.10211033757179 -4.18459827580951 2.93651553742667
55300 -4.08287318987682 0.10381603498364 -4.18668922486046 2.93712730417966
55400 -4.08016667729963 0.102957205006956 -4.18312388230659 2.93874456337137
55500 -4.07988470688689 0.105379846840651 -4.18526455372754 2.93615766347221
55600 -4.0794407239095 0.10433079511157 -4.18377151902107 2.93789594901434
55700 -4.08135440479896 0.103059567622865 -4.18441397242182 2.93742167113505
55800 -4.07973427055605 0.103818705607213 -4.18355297616326 2.93697179859724
55900 -4.07924534494092 0.105953701032301 -4.18519904597322 2.93740274846563
56000 -4.07934837777497 0.10365010974194 -4.18299848751691 2.9381290654422
56100 -4.07821485097294 0.104050734554574 -4.18226558552751 2.93734646670999
56200 -4.0808699360136 0.102093555478884 -4.18296349149248 2.93789713412673
56300 -4.07964175911506 0.10236148473408 -4.18200324384914 2.93857717560417
56400 -4.08119282904003 0.102724021970827 -4.18391685101086 2.93758065229327
56500 -4.08211418215444 0.103406406882659 -4.1855205890371 2.9369416057166
56600 -4.08047613681877 0.102930108209031 -4.1834062450278 2.93790449426656
56700 -4.08093037939197 0.103021401677694 -4.18395178106967 2.9366091860634
56800 -4.08081599379082 0.105176951375429 -4.18599294516625 2.93587942676337
56900 -4.08211839219606 0.102648109340164 -4.18476650153622 2.9381827843083
57000 -4.08099248943478 0.103579894170036 -4.18457238360482 2.93714081543413
57100 -4.08470320560134 0.101463315163767 -4.18616652076511 2.93606955832885
57200 -4.0838286656466 0.10123817866071 -4.18506684430731 2.93699456843008
57300 -4.08105459662405 0.102058623061518 -4.18311321968557 2.93776202233506
57400 -4.08008795787112 0.103254446828293 -4.18334240469942 2.93574591279747
57500 -4.07959680527925 0.103668373193644 -4.1832651784729 2.93683144144777
57600 -4.08260376813911 0.102333176925331 -4.18493694506444 2.93738986262619
57700 -4.08182500616767 0.10288866763377 -4.18471367380143 2.93674465967805
57800 -4.08053743371397 0.103005129046286 -4.18354256276026 2.9370188968232
57900 -4.08096936441317 0.10183460801593 -4.1828039724291 2.93766130966395
58000 -4.07943882963568 0.10440468351983 -4.18384351315551 2.93738208588568
58100 -4.07733375331226 0.106197210569956 -4.18353096388222 2.93787811713786
58200 -4.08039904713444 0.103549852822332 -4.18394889995677 2.93690178974976
58300 -4.08100600121431 0.103470228966874 -4.18447623018119 2.9359866325613
58400 -4.0794750406261 0.104102806893056 -4.18357784751916 2.93812882632322
58500 -4.08305438494654 0.102282565624727 -4.18533695057127 2.93713854848856
58600 -4.08090433849942 0.104300588204404 -4.18520492670382 2.93647787971799
58700 -4.08070553588873 0.105816848832315 -4.18652238472105 2.93601846399166
58800 -4.08122589128472 0.102663089498529 -4.18388898078324 2.93866467757869
58900 -4.07961952454133 0.104639947870757 -4.18425947241209 2.93697559973337
59000 -4.08101372362087 0.102792317361802 -4.18380604098267 2.93704637177153
59100 -4.08290407224243 0.102398982651738 -4.18530305489417 2.93753842930782
59200 -4.08229488007905 0.103258985032621 -4.18555386511167 2.93675247379563
59300 -4.08033846830322 0.103000230876027 -4.18333869917925 2.93645272527277
59400 -4.08281843263561 0.103367239183534 -4.18618567181915 2.93694588307709
59500 -4.08232516137254 0.102790037322551 -4.18511519869509 2.93757854238512
59600 -4.08206134845941 0.10332850962114 -4.18538985808055 2.93660836768923
59700 -4.07994366199197 0.103980047926745 -4.18392370991871 2.93783346828116
59800 -4.07882718407163 0.104210880144824 -4.18303806421646 2.93784886981927
59900 -4.07795897005915 0.104434469981943 -4.1823934400411 2.93688623795735
60000 -4.07687621481312 0.105734973649147 -4.18261118846226 2.9375230789409
60100 -4.07735655300697 0.106063673628433 -4.1834202266354 2.9384970965778
60200 -4.07829372065404 0.104738063297457 -4.1830317839515 2.93725935427795
60300 -4.07936311763455 0.104152690311552 -4.1835158079461 2.93715444415466
60400 -4.07786488007444 0.10498318014223 -4.18284806021667 2.93777660514238
60500 -4.07712115292893 0.104589112559506 -4.18171026548843 2.93791091562612
60600 -4.07772246241852 0.103922943281352 -4.18164540569987 2.93836009305868
60700 -4.07688692187174 0.105981705502846 -4.18286862737459 2.93888043034705
60800 -4.07773915487071 0.103824182783228 -4.18156333765394 2.93784455391591
60900 -4.07968047088322 0.104679273359698 -4.18435974424292 2.93706631420274
61000 -4.07973995424426 0.104248933137835 -4.1839888873821 2.93757186680538
61100 -4.07949424099851 0.103130262944947 -4.18262450394346 2.93746360973159
61200 -4.07909909711928 0.105481140565742 -4.18458023768502 2.93802496405757
61300 -4.07862043760723 0.102357880437407 -4.18097831804464 2.9389533715138
61400 -4.07995526633947 0.103852387622944 -4.18380765396241 2.93649165947519
61500 -4.08138403826857 0.102103609536583 -4.18348764780515 2.93777436263557
61600 -4.07999057684488 0.103841933957414 -4.1838325108023 2.93806878327301
61700 -4.08006705765882 0.103033356636934 -4.18310041429576 2.93705329841407
61800 -4.08165247233989 0.102009178347719 -4.18366165068761 2.93714708496159
61900 -4.0787750011296 0.103971631190311 -4.18274663231991 2.93884385827637
62000 -4.07902224070344 0.103665205881486 -4.18268744658493 2.9379273965915
62100 -4.08047839954439 0.104198479384434 -4.18467687892883 2.93665708102498
62200 -4.0809047487993 0.103383611309411 -4.18428836010871 2.93748617069675
62300 -4.08360574915539 0.101932756047101 -4.18553850520249 2.9366096364402
62400 -4.08075238476367 0.102546211111181 -4.18329859587485 2.93777296452032
62500 -4.08085147867628 0.103785242822339 -4.18463672149862 2.93698484723325
62600 -4.08171847175913 0.101991160429025 -4.18370963218815 2.93798312565635
62700 -4.08033065602825 0.103361483898753 -4.18369213992701 2.93706100907613
62800 -4.08233027355785 0.102250975193122 -4.18458124875097 2.93644483544879
62900 -4.0835390660441 0.101111176474358 -4.18465024251846 2.9381478912168
63000 -4.08008209072496 0.103489557660715 -4.18357164838568 2.93795833525324
63100 -4.0786425288506 0.10453154033132 -4.18317406918192 2.93704325007539
63200 -4.07885108251826 0.104897204540485 -4.18374828705874 2.9377113431544
63300 -4.08057374134546 0.103044227289994 -4.18361796863545 2.93723091724078
63400 -4.08063950561413 0.102310995840882 -4.18295050145502 2.93703181305883
63500 -4.07953941898142 0.103460083205174 -4.18299950218659 2.93907835252269
63600 -4.08163949400971 0.103388310944237 -4.18502780495395 2.93738650403591
63700 -4.07975231051775 0.105403147289008 -4.18515545780676 2.93617193362811
63800 -4.07692043514051 0.106346923317701 -4.18326735845821 2.93768561811917
63900 -4.0764146769989 0.10476871348531 -4.18118339048421 2.93870450390548
64000 -4.07886521196789 0.104119141999885 -4.18298435396778 2.93726273409966
64100 -4.07795903388801 0.10491409994113 -4.18287313382915 2.93717826326044
64200 -4.08426044267686 0.101189650342995 -4.18545009301985 2.93764155442747
64300 -4.08270186417959 0.101884464338733 -4.18458632851832 2.93753000502486
64400 -4.08241042678348 0.101369173485977 -4.18377960026946 2.93697446421102
64500 -4.07960425550789 0.104472508983062 -4.18407676449095 2.93746449064551
64600 -4.08076241909533 0.10414183584005 -4.18490425493538 2.93714960121662
64700 -4.08075691326729 0.102518464614152 -4.18327537788144 2.93709001430046
64800 -4.08015423704125 0.103143434213183 -4.18329767125444 2.9377263989818
64900 -4.08212273582632 0.101977057058486 -4.18409979288481 2.93863260782189
65000 -4.07979282545533 0.102933013022917 -4.18272583847825 2.93751502669033
65100 -4.07972136075909 0.10517968260346 -4.18490104336255 2.93693376110259
65200 -4.08011230681547 0.102497718092451 -4.18261002490792 2.93808341204451
65300 -4.08066804290087 0.10259693900113 -4.183264981902 2.93743014019209
65400 -4.0801715538566 0.102728084587191 -4.18289963844379 2.93632997109595
65500 -4.07971445117148 0.10495003586528 -4.18466448703676 2.93752054887304
65600 -4.08216659688124 0.102314107900349 -4.18448070478159 2.9379787977791
65700 -4.08121194069755 0.10222962142916 -4.18344156212671 2.93675435761507
65800 -4.08223318065707 0.103776752282556 -4.18600993293963 2.93669304969466
65900 -4.08201233453853 0.10323448158161 -4.18524681612014 2.93752088422295
66000 -4.07914045816938 0.102259478368632 -4.18139993653801 2.93803228477819
66100 -4.08119834529592 0.103080691326921 -4.18427903662284 2.93685841791833
66200 -4.08089026876933 0.103685002684406 -4.18457527145374 2.93785316707453
66300 -4.08090205789226 0.103092481137659 -4.18399453902992 2.93773396201836
66400 -4.08325272279439 0.10261095545146 -4.18586367824585 2.93552079968965
66500 -4.08131476698702 0.102223504229724 -4.18353827121675 2.93684562068328
66600 -4.079104463904 0.103697978009746 -4.18280244191374 2.93885208962534
66700 -4.08044767280205 0.103309164948545 -4.18375683775059 2.93762898078751
66800 -4.0800634497606 0.103704422657301 -4.1837678724179 2.93698075151528
66900 -4.08212834819368 0.10129101886529 -4.18341936705897 2.93770108680506
67000 -4.07915426196946 0.103724233617761 -4.18287849558722 2.93793745649542
67100 -4.07996863963844 0.103963549606148 -4.18393218924459 2.93622978251708
67200 -4.0762142096762 0.104704221530078 -4.18091843120628 2.93835500153336
67300 -4.07803060680668 0.104146004145684 -4.18217661095236 2.93856197656922
67400 -4.07773697792685 0.105714240767853 -4.1834512186947 2.93759380653849
67500 -4.07983947004767 0.103332515442447 -4.18317198549011 2.93701331456969
67600 -4.07915390815783 0.104052760117417 -4.18320666827525 2.93745948324631
67700 -4.08026922545047 0.102810329364316 -4.18307955481479 2.93828304963869
67800 -4.08014093428999 0.103202275324961 -4.18334320961495 2.93802912640192
67900 -4.07896677318631 0.105568924655354 -4.18453569784167 2.93649624590054
68000 -4.07830734614204 0.104695904009013 -4.18300325015105 2.93725034105345
68100 -4.08272666319719 0.10282028629836 -4.18554694949555 2.93739269134984
68200 -4.07956013766214 0.10350825782394 -4.18306839548608 2.93791270554566
68300 -4.08047745791002 0.103706016748567 -4.18418347465859 2.93705064504821
68400 -4.08182874696605 0.102468235031564 -4.18429698199761 2.93711536310007
68500 -4.08243966283278 0.102582733434629 -4.18502239626741 2.93657918473199
68600 -4.08245651027396 0.102490782013987 -4.18494729228795 2.93671280616394
68700 -4.08127916847371 0.10383850630505 -4.18511767477876 2.93658167035107
68800 -4.07862738613313 0.104609511341352 -4.18323689747448 2.93739787169002
68900 -4.08043490158814 0.104225634521646 -4.18466053610978 2.93773318034464
69000 -4.07914554977109 0.10313314000744 -4.18227868977853 2.93759672567817
69100 -4.08032616114108 0.104112799326972 -4.18443896046805 2.93682670938748
69200 -4.0819262332991 0.101313849445143 -4.18324008274424 2.93751556921891
69300 -4.07688492873117 0.105593328740208 -4.18247825747138 2.93909415770724
69400 -4.07837202187382 0.103615239528824 -4.18198726140264 2.93809267290854
69500 -4.08010352300403 0.103599161446488 -4.18370268445052 2.93668309916872
69600 -4.07985929848546 0.102938828432998 -4.18279812691846 2.93766528076522
69700 -4.08068237773056 0.103439875957835 -4.1841222536884 2.93830096963581
69800 -4.0845758671763 0.101790481553435 -4.18636634872974 2.93626117460521
69900 -4.08364835082866 0.102155440584944 -4.18580379141361 2.93618370260229
70000 -4.08079774978562 0.103620002696922 -4.18441775248254 2.93782103061754
70100 -4.07986228591832 0.104139484710584 -4.18400177062891 2.93760125082086
70200 -4.07956016833261 0.102530924947956 -4.18209109328057 2.93791301015975
70300 -4.08154157672975 0.103171308982655 -4.1847128857124 2.93687354654837
70400 -4.07972464007674 0.104182032722774 -4.18390667279952 2.93708250727288
70500 -4.08088280395604 0.104708331845173 -4.18559113580121 2.93656913752239
70600 -4.07820051499767 0.106077593805069 -4.18427810880274 2.93703534274994
70700 -4.07918224553338 0.103543505914389 -4.18272575144777 2.93677034096878
70800 -4.07945421494483 0.103440706411902 -4.18289492135673 2.93817596092902
70900 -4.08034740468826 0.104487977373748 -4.184835382062 2.93748426661121
71000 -4.08020087347511 0.104556342887031 -4.18475721636214 2.9365516388399
71100 -4.08153789483521 0.104120125036528 -4.18565801987174 2.9367460852134
71200 -4.0798921145104 0.103407447532624 -4.18329956204302 2.93852150456774
71300 -4.07818035609448 0.104361696861804 -4.18254205295628 2.93677434889024
71400 -4.0780843877087 0.104645406130183 -4.18272979383888 2.93759724282509
71500 -4.07771529900743 0.10508665233732 -4.18280195134475 2.93822242945212
71600 -4.0781049951362 0.103932093160905 -4.18203708829711 2.93812754478119
71700 -4.07740444943546 0.103483587834501 -4.18088803726996 2.93836028628394
71800 -4.08215156157812 0.103107088419841 -4.18525864999797 2.93774699458593
71900 -4.08177773654198 0.103558396028894 -4.18533613257088 2.93722810564595
72000 -4.07846107197191 0.104653850661269 -4.18311492263318 2.93669708567488
72100 -4.08002984451825 0.104747432819143 -4.18477727733739 2.9368104205822
72200 -4.07833730196433 0.103955745176321 -4.18229304714065 2.9380130130056
72300 -4.08241180207798 0.101729046548029 -4.18414084862601 2.93732039341919
72400 -4.08131037418487 0.101846902093449 -4.18315727627832 2.93749053700945
72500 -4.08161614339675 0.101866073391188 -4.18348221678794 2.93757057761324
72600 -4.08013692575454 0.103575988227997 -4.18371291398253 2.93985155505467
72700 -4.08275461154251 0.10297321576402 -4.18572782730653 2.93646894479157
72800 -4.0832905057663 0.102647539557366 -4.18593804532367 2.93631906431454
72900 -4.0846160887778 0.101337013258867 -4.18595310203666 2.9365312854288
73000 -4.08223434394115 0.102743595422976 -4.18497793936412 2.93763902000975
73100 -4.07891997606763 0.105015088626369 -4.183935064694 2.93678462293284
73200 -4.07962819205098 0.104208375122624 -4.1838365671736 2.93652376735037
73300 -4.08236212597479 0.10316310826283 -4.18552523423762 2.93708038117992
73400 -4.08032027475013 0.104967984596677 -4.18528825934681 2.93725453804465
73500 -4.08167798651727 0.102282894376322 -4.18396088089359 2.93680768632768
73600 -4.07747159207889 0.105098928917375 -4.18257052099627 2.93736125476758
73700 -4.07894468108836 0.104619864808117 -4.18356454589648 2.93809531654504
73800 -4.07986733869919 0.104205774355731 -4.18407311305492 2.93830459623301
73900 -4.08115031133671 0.102239880593264 -4.18339019192997 2.9372532803475
74000 -4.080129184414 0.103696537283062 -4.18382572169706 2.9372655933096
74100 -4.07759468059086 0.103720001474914 -4.18131468206578 2.93874580445151
74200 -4.07717901693495 0.104620496040776 -4.18179951297573 2.93810486147987
74300 -4.07901950028908 0.104495227958883 -4.18351472824796 2.93668685266856
74400 -4.07888658574853 0.103245313167803 -4.18213189891634 2.93751915598156
74500 -4.07969422219494 0.103918027258375 -4.18361224945332 2.93762626138343
74600 -4.07798735042932 0.105397503030902 -4.18338485346022 2.93751130541359
74700 -4.08014540106973 0.104065571678204 -4.18421097274794 2.93647599532108
74800 -4.07851090731983 0.1039862274131 -4.18249713473293 2.93819235882797
74900 -4.0785617301516 0.103962858888821 -4.18252458904042 2.93870108904895
75000 -4.07918932360544 0.104905470485814 -4.18409479409125 2.93683402195637
75100 -4.07741062596395 0.103974633566377 -4.18138525953032 2.93840660412155
75200 -4.07785778710644 0.104610697598111 -4.18246848470455 2.93840058573151
75300 -4.081177164885 0.103092730518523 -4.18426989540352 2.93732345605006
75400 -4.08029944534767 0.104186327675585 -4.18448577302326 2.93634532014784
75500 -4.08046130426805 0.10408383328963 -4.18454513755768 2.93695581212448
75600 -4.07962506302031 0.100870038983021 -4.18049510200333 2.93949491496107
75700 -4.08041708510541 0.103271857646656 -4.18368894275206 2.93732538651769
75800 -4.08153572470888 0.103856347594651 -4.18539207230353 2.93626820930885
75900 -4.08181538586748 0.101823347238269 -4.18363873310575 2.93792622180852
76000 -4.0816335904941 0.102941501974682 -4.18457509246879 2.9368152113463
76100 -4.08390868963557 0.101793303414158 -4.18570199304973 2.93645417341004
76200 -4.08167197974655 0.102673605359138 -4.18434558510569 2.93697572976986
76300 -4.08049614697423 0.104268788678747 -4.18476493565298 2.93796369985748
76400 -4.08048528990631 0.103222051039991 -4.1837073409463 2.93766445325116
76500 -4.08329350032336 0.101907744958272 -4.18520124528163 2.93573300650618
76600 -4.08239852232008 0.103036772281467 -4.18543529460155 2.93687476296401
76700 -4.08225513055005 0.100993555486693 -4.18324868603674 2.93832809384723
76800 -4.08064476017576 0.10455159414139 -4.18519635431715 2.93687099739666
76900 -4.08168293540455 0.102705032036692 -4.18438796744124 2.93671046501969
77000 -4.0811362064714 0.102958943707513 -4.18409515017891 2.93821175077381
77100 -4.08103293457368 0.10194898208604 -4.18298191665972 2.938241950791
77200 -4.07919926195236 0.104585224354867 -4.18378448630723 2.93711062889772
77300 -4.07926629481221 0.105285299463626 -4.18455159427583 2.93647818291554
77400 -4.08199806768418 0.103119198179733 -4.18511726586392 2.93729948005698
77500 -4.08134729212682 0.102286667725158 -4.18363395985197 2.93749088928937
77600 -4.08277620439884 0.102408221662869 -4.18518442606171 2.93701380627114
77700 -4.08215738228242 0.103703859006087 -4.18586124128851 2.93675648860339
77800 -4.08001520853169 0.10299903454172 -4.18301424307341 2.93841716580189
77900 -4.07947659393738 0.102266264521264 -4.18174285845864 2.93834166676261
78000 -4.07847949575664 0.103716497782583 -4.18219599353922 2.93700313304154
78100 -4.07853410723185 0.10395886280074 -4.18249297003258 2.93817169549733
78200 -4.08027638246265 0.102898043931125 -4.18317442639378 2.93854701830667
78300 -4.08090999900245 0.102995451841412 -4.18390545084387 2.9369706508463
78400 -4.08201854495823 0.103242197023746 -4.18526074198198 2.93643365358014
78500 -4.07956798955471 0.10341845934173 -4.18298644889644 2.93825997348341
78600 -4.08219214754974 0.102070831471382 -4.18426297902112 2.93695452848767
78700 -4.08182519677588 0.101509601282623 -4.1833347980585 2.93711402377156
78800 -4.0804046555978 0.102127447417336 -4.18253210301513 2.93869771482117
78900 -4.07988700028813 0.103545536523891 -4.18343253681202 2.93888710057513
79000 -4.0794032584189 0.102887326227922 -4.18229058464682 2.93798440675465
79100 -4.07823096966102 0.105244802852052 -4.18347577251307 2.93727533167423
79200 -4.0777982254822 0.104831368300914 -4.18262959378312 2.93844009362308
79300 -4.07674918259813 0.103701125341026 -4.18045030793915 2.93917330921506
79400 -4.08001603697622 0.103955806245706 -4.18397184322193 2.93556147196703
79500 -4.08157465532751 0.102444797258229 -4.18401945258574 2.93734851728665
79600 -4.08377510349305 0.100548883774019 -4.18432398726707 2.93792294689896
79700 -4.08256556652981 0.101528501370453 -4.18409406790027 2.93759075660611
79800 -4.081596674154 0.101522423519036 -4.18311909767303 2.93697068031218
79900 -4.08352869321778 0.103369645471411 -4.18689833868919 2.93591349924797
80000 -4.08150499348282 0.10220817569169 -4.18371316917451 2.93840927897965
80100 -4.07849066667989 0.104850016656405 -4.18334068333629 2.9377943983144
80200 -4.07984080529201 0.104064389343694 -4.18390519463571 2.93653556409414
80300 -4.08095444359311 0.103947562609461 -4.18490200620257 2.9369999004793
80400 -4.08189408007215 0.102623320928541 -4.18451740100069 2.93724302800186
80500 -4.08232486799177 0.102234594461629 -4.18455946245339 2.93687285968395
80600 -4.08077343760167 0.104151955856511 -4.18492539345818 2.93590419002399
80700 -4.07987580107754 0.10422624299859 -4.18410204407613 2.93775618773902
80800 -4.08075384504443 0.103066218404482 -4.18382006344891 2.93819712429349
80900 -4.08057332691517 0.103879199431532 -4.1844525263467 2.93669720940942
81000 -4.07912345936373 0.103696292754845 -4.18281975211857 2.93733571102306
81100 -4.08023901855827 0.103141823780771 -4.18338084233904 2.93801179119366
81200 -4.08311221660269 0.100232938787168 -4.18334515538985 2.93911440540806
81300 -4.07743505694971 0.105281850013744 -4.18271690696346 2.93747566939059
81400 -4.07836753799109 0.104504582002927 -4.18287211999402 2.93734712966402
81500 -4.07890293409811 0.104860126955434 -4.18376306105354 2.93744038975366
81600 -4.07697966062214 0.105953719227397 -4.18293337984954 2.93780170017549
81700 -4.07792264988561 0.103953934080671 -4.18187658396628 2.93705844814346
81800 -4.07739650023718 0.105216852762188 -4.18261335299936 2.93779327953061
81900 -4.07916475398415 0.102578707174031 -4.18174346115818 2.93881603853199
82000 -4.07986054971551 0.103706065539013 -4.18356661525453 2.93721226857765
82100 -4.07737289845988 0.105980160992895 -4.18335305945278 2.93716913560444
82200 -4.07980999218664 0.104099373998659 -4.1839093661853 2.93780675686023
82300 -4.07930435643829 0.103516951918194 -4.18282130835648 2.93955955194903
82400 -4.08273273523939 0.102220939363296 -4.18495367460269 2.93663651206454
82500 -4.07892842701835 0.104185754037156 -4.18311418105551 2.93714814383601
82600 -4.07876423139473 0.105591405585919 -4.18435563698065 2.9376813155856
82700 -4.07682806705442 0.104865904128025 -4.18169397118245 2.93804557234854
82800 -4.07605698576984 0.105663604943697 -4.18172059071354 2.93815888183745
82900 -4.07759321955474 0.105025100007595 -4.18261831956234 2.93838164649693
83000 -4.07915837495642 0.104511814581257 -4.18367018953768 2.93808387902918
83100 -4.07845648424789 0.103663906038138 -4.18212039028603 2.93724494393346
83200 -4.07832585041679 0.105539873765988 -4.18386572418278 2.93691110176013
83300 -4.08309226046772 0.100884880280655 -4.18397714074837 2.93839207424262
83400 -4.08142680228976 0.103562360629024 -4.18498916291879 2.93690199686228
83500 -4.0792545449822 0.103295966844149 -4.18255051182635 2.93788027951247
83600 -4.07853150072654 0.106356895758233 -4.18488839648477 2.93736811462421
83700 -4.0822844976239 0.102330348514151 -4.18461484613805 2.93821765318394
83800 -4.082582233948 0.100557071926942 -4.18313930587494 2.93666927662245
83900 -4.08146309960259 0.103366377671677 -4.18482947727427 2.93672067998229
84000 -4.07970064757395 0.103608915631027 -4.18330956320498 2.93814934962695
84100 -4.08050227317535 0.104162328935104 -4.18466460211046 2.9377306176751
84200 -4.07875919151845 0.102670144782777 -4.18142933630122 2.93749785875303
84300 -4.0789695066151 0.102543837844075 -4.18151334445917 2.93743827803761
84400 -4.08126878638835 0.102354212601774 -4.18362299899013 2.93843815847223
84500 -4.0801556543077 0.102687117133472 -4.18284277144117 2.93787444426839
84600 -4.08049381702384 0.103772048608681 -4.18426586563253 2.93696117756479
84700 -4.07780301918374 0.105162491412135 -4.18296551059588 2.93699187122636
84800 -4.07996380226712 0.103454058930458 -4.18341786119758 2.93769996976563
84900 -4.07966858199967 0.104286511191003 -4.18395509319068 2.93851847253723
85000 -4.07917552180535 0.10418384182507 -4.18335936363042 2.93704337030618
85100 -4.07947284557982 0.103005190038512 -4.18247803561833 2.93744302202926
85200 -4.07956888521464 0.103931327448555 -4.18350021266319 2.93796265688112
85300 -4.07957771198414 0.103105323254512 -4.18268303523865 2.93773697019056
85400 -4.07716463446668 0.104561030381235 -4.18172566484791 2.93708865358614
85500 -4.08190598467083 0.104083998160549 -4.18598998283137 2.93680228615798
85600 -4.07801289509657 0.102784838889115 -4.18079773398568 2.93963986537037
85700 -4.07953063216305 0.103984582001266 -4.18351521416432 2.93713315166615
85800 -4.08022882843001 0.103256909751036 -4.18348573818105 2.93736261492895
85900 -4.0772818121948 0.104124935839363 -4.18140674803416 2.93906805649692
86000 -4.07987232157502 0.104362960008554 -4.18423528158358 2.93692931211742
86100 -4.07926117819348 0.102687658693491 -4.18194883688697 2.93712371551062
86200 -4.07876607736335 0.103782018575718 -4.18254809593907 2.93868571042937
86300 -4.08012039575904 0.103846093112108 -4.18396648887115 2.9378197645562
86400 -4.08221682090071 0.10459754180739 -4.1868143627081 2.93575404575901
86500 -4.0772369223198 0.104925514570747 -4.18216243689055 2.93812580511491
86600 -4.08141576337337 0.104346416488356 -4.18576217986172 2.93695434290202
86700 -4.08066399185681 0.103591188904933 -4.18425518076175 2.93707939883986
86800 -4.0811631048937 0.100749813088891 -4.18191291798259 2.93774676718789
86900 -4.08112125811833 0.102987921816821 -4.18410917993515 2.9382705455697
87000 -4.08116390748217 0.103165384583606 -4.18432929206578 2.93778445682105
87100 -4.07871547352605 0.103144046720718 -4.18185952024677 2.93741398811076
87200 -4.0775647893191 0.106130179490104 -4.1836949688092 2.93766113295049
87300 -4.07839498498479 0.105002376399204 -4.18339736138399 2.93774342473792
87400 -4.07797336049914 0.104678799691252 -4.18265216019039 2.93745792953398
87500 -4.07936250597153 0.103376238352304 -4.18273874432384 2.93895801081081
87600 -4.07752573087841 0.1057280248791 -4.18325375575751 2.93825715941471
87700 -4.07751390510777 0.104966147140127 -4.1824800522479 2.93692903314799
87800 -4.07612218770549 0.105132216441559 -4.18125440414705 2.9385831045186
87900 -4.07803266460471 0.102528291346421 -4.18056095595113 2.93940158636265
88000 -4.0799126009061 0.103659327835385 -4.18357192874148 2.9373828023164
88100 -4.08166627720758 0.101899338496548 -4.18356561570413 2.93664725813729
88200 -4.07999460686 0.103786022905138 -4.18378062976514 2.93790133277474
88300 -4.08150838618323 0.101128382542571 -4.1826367687258 2.93793639537428
88400 -4.07979879164616 0.102407005577264 -4.18220579722343 2.93744006698258
88500 -4.08178315957359 0.102100311641641 -4.18388347121523 2.9372010243477
88600 -4.0804458604942 0.105000359032836 -4.18544621952704 2.93748351476367
88700 -4.08116231844076 0.102650736813454 -4.18381305525422 2.93712408393327
88800 -4.0816843334975 0.102893700301753 -4.18457803379925 2.93660268182724
88900 -4.08232632882905 0.100685469468676 -4.18301179829773 2.93890146238654
89000 -4.07938499917586 0.104138285089342 -4.1835232842652 2.9379913112103
89100 -4.08001195186384 0.101863201692065 -4.1818751535559 2.93768283884442
89200 -4.07971187838498 0.103210366796069 -4.18292224518105 2.93757416229221
89300 -4.0813554534522 0.102695029932633 -4.18405048338484 2.93735244147357
89400 -4.07993390341766 0.10283948678981 -4.18277339020747 2.93718509048806
89500 -4.07871664227371 0.103330971619016 -4.18204761389273 2.9377908735999
89600 -4.0815961858139 0.103910780222884 -4.18550696603678 2.93736316732147
89700 -4.08153104780714 0.101920877432775 -4.18345192523992 2.9376027438821
89800 -4.08250456979163 0.101777129770576 -4.18428169956221 2.93638382705057
89900 -4.08152963196853 0.10246456094237 -4.1839941929109 2.93787764178871
90000 -4.0816999063528 0.102330278897599 -4.1840301852504 2.93807579438084
90100 -4.07955022892548 0.105291275280145 -4.18484150420563 2.93670598172224
90200 -4.0840137232642 0.101838738409639 -4.18585246167383 2.93654575716892
90300 -4.0836820497941 0.101397134381844 -4.18507918417594 2.93698098667457
90400 -4.08014138687539 0.103258986913473 -4.18340037378886 2.93829955474015
90500 -4.08184080433983 0.103831252460801 -4.18567205680063 2.93701619572834
90600 -4.08039846694144 0.103030533954933 -4.18342900089638 2.93681250653579
90700 -4.08073836658023 0.100717751311928 -4.18145611789215 2.93831861493199
90800 -4.07842570256164 0.104630177753285 -4.18305588031492 2.93824590793612
90900 -4.08176719983257 0.102172531631886 -4.18393973146446 2.93727820082965
91000 -4.08220364496091 0.10160081507336 -4.18380446003427 2.93672750298902
91100 -4.08269759852875 0.101742642887345 -4.1844402414161 2.93732424240948
91200 -4.08028856821375 0.102411434755037 -4.18270000296879 2.93757826822744
91300 -4.08081299057578 0.101865382538104 -4.18267837311388 2.93794031078296
91400 -4.08368037958889 0.101532128511809 -4.1852125081007 2.93770733301812
91500 -4.08206438853831 0.102059003780879 -4.18412339231918 2.93701447504334
91600 -4.08193156131794 0.10279034082925 -4.18472190214719 2.93603861882105
91700 -4.07828970744465 0.104133779592762 -4.18242348703741 2.93920746742227
91800 -4.07927433650413 0.104603424674689 -4.18387776117882 2.93759602746111
91900 -4.07986805362048 0.102689707366031 -4.18255776098651 2.93719341180635
92000 -4.08159257415582 0.102449469649397 -4.18404204380522 2.93801941930046
92100 -4.07962007464135 0.104949578376671 -4.18456965301802 2.9379570391034
92200 -4.0817793884705 0.102963865946897 -4.1847432544174 2.93644189002981
92300 -4.08108354420226 0.101447333096324 -4.18253087729858 2.93739888472528
92400 -4.08205689330187 0.101555907573211 -4.18361280087508 2.93768568162164
92500 -4.08160229097431 0.104455319860014 -4.18605761083432 2.93646362182741
92600 -4.07957903947411 0.104322015971038 -4.18390105544515 2.93682745002822
92700 -4.07874095422359 0.104560544872748 -4.18330149909633 2.93725630403861
92800 -4.07894363999324 0.10484560650006 -4.1837892464933 2.93826410753976
92900 -4.07912401636886 0.105434432747846 -4.1845584491167 2.93730948653074
93000 -4.08053547076727 0.103019340759246 -4.18355481152652 2.93705248790394
93100 -4.08292907497549 0.102782884368615 -4.1857119593441 2.93693283250847
93200 -4.08149636110491 0.102623642563466 -4.18412000366837 2.93767118360228
93300 -4.08196428624575 0.101756151014872 -4.18372043726062 2.93650027080338
93400 -4.07962591235446 0.103070288324615 -4.18269620067908 2.93690765628894
93500 -4.07977593755936 0.104214201028079 -4.18399013858744 2.93768011819341
93600 -4.07783975982025 0.10427329684484 -4.18211305666509 2.93829455662514
93700 -4.08042565328877 0.103149230801347 -4.18357488409012 2.93761585998318
93800 -4.07757365319152 0.104305213057541 -4.18187886624906 2.93792190338781
93900 -4.0792873939104 0.103107686940246 -4.18239508085064 2.93762080977205
94000 -4.07976650000255 0.103102885235898 -4.18286938523845 2.93804745802962
94100 -4.07900483974046 0.105023523397175 -4.18402836313764 2.93757493438561
94200 -4.08115986171157 0.102666941161599 -4.18382680287316 2.93695394358513
94300 -4.08259391404178 0.101592208087795 -4.18418612212958 2.93681664266928
94400 -4.08141881314598 0.102968085729937 -4.18438689887591 2.93795469285981
94500 -4.07963596424413 0.104622504341384 -4.18425846858551 2.93829526860048
94600 -4.08015476737658 0.10384869472678 -4.18400346210336 2.9359537381734
94700 -4.07854778243422 0.103141825181706 -4.18168960761593 2.93836045783805
94800 -4.07925581107734 0.103100990671791 -4.18235680174913 2.93803672593255
94900 -4.08086210281216 0.103433186850999 -4.18429528966316 2.9366730856242
95000 -4.08345327280956 0.100344088904067 -4.18379736171363 2.93779553856604
95100 -4.08170497469356 0.102988460576097 -4.18469343526966 2.93820799659621
95200 -4.08162094924922 0.102462560126982 -4.18408350937621 2.93657256483171
95300 -4.07944403624238 0.104586851669731 -4.18403088791211 2.93713594290132
95400 -4.07966411466106 0.104868698146093 -4.18453281280715 2.93761519287695
95500 -4.07832437528063 0.103284075171663 -4.18160845045229 2.93846190877042
95600 -4.07771240063452 0.103450193325161 -4.18116259395968 2.93714067838119
95700 -4.07757060026235 0.104633376510204 -4.18220397677256 2.93783480354862
95800 -4.08062987045354 0.102512357699537 -4.18314222815307 2.93805362243891
95900 -4.08185961514357 0.10082438906964 -4.18268400421321 2.93834952532704
96000 -4.08265503678979 0.10190484651142 -4.18455988330121 2.93670910080383
96100 -4.08086073383757 0.102858217714377 -4.18371895155195 2.9367262751633
96200 -4.08020353350873 0.103728593982801 -4.18393212749153 2.93849174050004
96300 -4.08141058668433 0.10230330286335 -4.18371388954769 2.93842575057927
96400 -4.08110090372384 0.103998226505819 -4.18509913022965 2.93683788878026
96500 -4.07780985982933 0.103735497336564 -4.18154535716589 2.93834413597563
96600 -4.08066905387663 0.104769595866633 -4.18543864974326 2.93771336667219
96700 -4.07976581728222 0.103337743909897 -4.18310356119212 2.93711758359774
96800 -4.08031305120971 0.102763598197785 -4.1830766494075 2.93667795017736
96900 -4.08049166092574 0.103029627978657 -4.1835212889044 2.93826929652034
97000 -4.08103743165888 0.102635179224847 -4.18367261088372 2.93774963293396
97100 -4.08189523033453 0.103332696226661 -4.18522792656119 2.9361636538046
97200 -4.08035898744672 0.103321872132601 -4.18368085957932 2.93699888585918
97300 -4.0796735956577 0.105569968123193 -4.18524356378089 2.93747230192277
97400 -4.08119559874287 0.103388587117368 -4.18458418586023 2.93711068567884
97500 -4.08002973444583 0.10278727284207 -4.1828170072879 2.93709017132768
97600 -4.08193383066305 0.102955424876038 -4.18488925553909 2.93663463583171
97700 -4.08304478864658 0.102341929760528 -4.1853867184071 2.93778767456586
97800 -4.0794090642927 0.105132173402087 -4.18454123769479 2.9370142609685
97900 -4.0825966623115 0.103070570399588 -4.18566723271108 2.93547489141124
98000 -4.08285700628491 0.101709669510086 -4.184566675795 2.93741416405738
98100 -4.08118822118023 0.102752207472478 -4.18394042865271 2.93735619513769
98200 -4.07937674158227 0.102932614745923 -4.18230935632819 2.93776104550158
98300 -4.07725460716701 0.105747943292205 -4.18300255045922 2.93838497026355
98400 -4.07689011904873 0.104957989303035 -4.18184810835176 2.93828091900663
98500 -4.07935252452232 0.104722891426122 -4.18407541594844 2.93548947485027
98600 -4.08166728263063 0.105590550132683 -4.18725783276332 2.93557464766166
98700 -4.08333205194217 0.101848235197056 -4.18518028713922 2.93741154466398
98800 -4.07969112840403 0.103959108508419 -4.18365023691245 2.93768738323787
98900 -4.07764575580299 0.105681712909275 -4.18332746871227 2.93679050499371
99000 -4.08050930924746 0.102343600802147 -4.18285291004961 2.93846249853341
99100 -4.0814221962805 0.10267990042599 -4.18410209670649 2.93855541644345
99200 -4.08332553413181 0.100299290590075 -4.18362482472189 2.93673496340491
99300 -4.08207130400701 0.101889031805308 -4.18396033581231 2.93676895033677
99400 -4.08255314796623 0.101102353842675 -4.18365550180891 2.93754243177297
99500 -4.07950710539267 0.103208740741958 -4.18271584613463 2.9385967658902
99600 -4.08057009979894 0.104039475229195 -4.18460957502814 2.93586910072712
99700 -4.0787386335697 0.103926782240986 -4.18266541581069 2.93734564507964
99800 -4.07914146055792 0.104354774512682 -4.1834962350706 2.93825612134202
99900 -4.08015719185682 0.103138366226103 -4.18329555808293 2.93752671432779
100000 -4.07946703143808 0.103372912230431 -4.18283994366851 2.93752642988623
