step E [eV/atom] ke [eV/atom] pe [eV/atom] latparam
100 -4.27196657012143 0.00970948879381194 -4.28167605891524 2.88080257739217
200 -4.26796313650915 0.0114209040080542 -4.27938404051721 2.88320416246963
300 -4.26627589193965 0.0124528257251299 -4.27872871766478 2.88375280875845
400 -4.26579423735424 0.0129240580974201 -4.27871829545166 2.88375604129382
500 -4.26570943654226 0.012871763973161 -4.27858120051542 2.88389524431968
600 -4.26548353161215 0.0129322409221805 -4.27841577253433 2.8839679141945
700 -4.26569712321271 0.0129075819664078 -4.27860470517912 2.88386293148374
800 -4.26571762607212 0.0127572745397951 -4.27847490061191 2.88401769573203
900 -4.26534058341584 0.0131500715182905 -4.27849065493413 2.88412886919552
1000 -4.26532707066342 0.013059603826212 -4.27838667448963 2.88331944148863
1100 -4.26542180777846 0.0128183145698307 -4.27824012234829 2.8848754980197
1200 -4.26525008757591 0.0131233719056313 -4.27837345948154 2.88398928900845
1300 -4.26549247215177 0.012997453550629 -4.2784899257024 2.88395251988042
1400 -4.26544183542435 0.0127717491290493 -4.2782135845534 2.88434663846586
1500 -4.26564609495411 0.0127627980022278 -4.27840889295633 2.88401201996872
1600 -4.26548445768784 0.0128582557493206 -4.27834271343716 2.88422126967756
1700 -4.26522738680404 0.0129242676286483 -4.27815165443269 2.88404726085404
1800 -4.26500176204295 0.0131831626712008 -4.27818492471415 2.88423442328212
1900 -4.26513869020351 0.013159310505189 -4.2782980007087 2.88457674441874
2000 -4.265342635356 0.0129173192452546 -4.27825995460126 2.88401404345008
2100 -4.26531190839685 0.0132512896067289 -4.27856319800357 2.88403011506115
2200 -4.2656008863895 0.0127751767239782 -4.27837606311348 2.88402989505722
2300 -4.26562481263589 0.0128772590081839 -4.27850207164407 2.88402549808481
2400 -4.26554815169632 0.0129268289059572 -4.27847498060228 2.88422408632142
2500 -4.26532903069599 0.0131517698013056 -4.27848080049729 2.8834449696379
2600 -4.26579672509739 0.0128352394482954 -4.27863196454569 2.8844207581529
2700 -4.26555635206899 0.0129570700981436 -4.27851342216714 2.88389218799354
2800 -4.26570996919949 0.013073712629863 -4.27878368182935 2.88363749020671
2900 -4.26556631673966 0.0129312884339419 -4.27849760517361 2.88405958419143
3000 -4.26529598695155 0.0128654311565001 -4.27816141810805 2.88413402222144
3100 -4.26551523245998 0.0128232180742417 -4.27833845053422 2.88427818556778
3200 -4.26556606362907 0.0129617353117621 -4.27852779894083 2.88372546981204
3300 -4.26522850115155 0.0128690783154757 -4.27809757946702 2.88419757972138
3400 -4.26550572303534 0.0129036710754248 -4.27840939411077 2.88441734017348
3500 -4.26559038737444 0.0128943701876887 -4.27848475756213 2.88381010225448
3600 -4.26542981890725 0.0131570553345614 -4.27858687424181 2.88399282861645
3700 -4.26545521194196 0.0129358392184556 -4.27839105116042 2.88401578940796
3800 -4.26511540444475 0.013110958514186 -4.27822636295894 2.88422295721266
3900 -4.26527584810215 0.0130613530981032 -4.27833720120025 2.88439138817482
4000 -4.26546208770032 0.0128816380518399 -4.27834372575216 2.88347518079109
4100 -4.26521494588714 0.0130871948529162 -4.27830214074006 2.88472082188038
4200 -4.2655889421149 0.0129826505497524 -4.27857159266465 2.8838773133747
4300 -4.26559389415815 0.0127653972911135 -4.27835929144926 2.88398852841742
4400 -4.26546858273589 0.0128952238035812 -4.27836380653947 2.8841479463272
4500 -4.26579187042797 0.0127060016913811 -4.27849787211935 2.88395881875971
4600 -4.26540979433043 0.0129651125574661 -4.2783749068879 2.88421303741165
4700 -4.26547235595142 0.0129722585302506 -4.27844461448167 2.88405768604259
4800 -4.26553651385317 0.0128233656681031 -4.27835987952127 2.88355286196769
4900 -4.2655578452956 0.0128970914716025 -4.2784549367672 2.88436741411398
5000 -4.26545070345142 0.0128342089338264 -4.27828491238525 2.88403166455898
5100 -4.26577048207139 0.0127784156647442 -4.27854889773613 2.88397364660824
5200 -4.2655307449367 0.0127863005673286 -4.27831704550403 2.88411083867643
5300 -4.26549722737122 0.0129777757477497 -4.27847500311897 2.8839011584616
5400 -4.26524600893437 0.0131269879811452 -4.27837299691551 2.88449661118533
5500 -4.26543131511414 0.0130141824110905 -4.27844549752523 2.8832744708928
5600 -4.2654649561357 0.0129479773785258 -4.27841293351423 2.88429324490959
5700 -4.26572036917351 0.0126885006020749 -4.27840886977559 2.88407356382419
5800 -4.26594190102718 0.0126579914495634 -4.27859989247674 2.88381386956143
5900 -4.26603651205528 0.0125328099599126 -4.27856932201519 2.88394647727055
6000 -4.26559954698488 0.0128472097833604 -4.27844675676824 2.88384357065646
6100 -4.26577046725616 0.0127018182823842 -4.27847228553855 2.88434645310404
6200 -4.26547858496735 0.0129323546231253 -4.27841093959047 2.88387586396179
6300 -4.265918013635 0.0128138621113555 -4.27873187574636 2.88367212894673
6400 -4.26604438529557 0.0126840455261317 -4.2787284308217 2.88385616550334
6500 -4.26573392889906 0.0126615444700187 -4.27839547336908 2.88393512300827
6600 -4.26548537655004 0.0129337709473622 -4.2784191474974 2.88416124204734
6700 -4.26563987109664 0.012869009811968 -4.2785088809086 2.88385562138401
6800 -4.26545209094086 0.0130191146998785 -4.27847120564074 2.88416600461978
6900 -4.26528715268883 0.0128630030964511 -4.27815015578528 2.88449492717752
7000 -4.26539124177436 0.0129098582484282 -4.27830110002278 2.88379698684038
7100 -4.26523656410235 0.0129836203567811 -4.27822018445913 2.88450544774101
7200 -4.26539254087738 0.0131319045622362 -4.27852444543961 2.8839344817382
7300 -4.26556860261416 0.0128369908780834 -4.27840559349224 2.88412863611102
7400 -4.2654954804335 0.013040427957029 -4.27853590839053 2.88407965016068
7500 -4.26547047508329 0.0129718637940761 -4.27844233887737 2.88358142904088
7600 -4.26529357779244 0.0130750046565221 -4.27836858244897 2.88479601575865
7700 -4.26542475049553 0.0129033300833511 -4.27832808057888 2.88387769536381
7800 -4.2655090296131 0.0128567924135041 -4.27836582202661 2.88404104534905
7900 -4.26552853259893 0.0129123035528 -4.27844083615173 2.88407584680344
8000 -4.26520769616561 0.0130793441089701 -4.27828704027459 2.88412856086644
8100 -4.26544844256904 0.0130770939949033 -4.27852553656395 2.88417077270557
8200 -4.26542541606922 0.0130943676559671 -4.27851978372519 2.88383795022394
8300 -4.26578178276662 0.0128687249691597 -4.27865050773578 2.88365332450595
8400 -4.26574314497989 0.0127186560616979 -4.27846180104159 2.8843125819277
8500 -4.26557900875113 0.0127351156319128 -4.27831412438305 2.88395740622737
8600 -4.2652451025616 0.0131840432819727 -4.27842914584357 2.88416383872004
8700 -4.2652187161398 0.0129362114696038 -4.2781549276094 2.88423140398384
8800 -4.26549407381363 0.0128213233775276 -4.27831539719116 2.88400973281181
8900 -4.26493808012135 0.0132263603398899 -4.27816444046124 2.8847634128876
9000 -4.26521510831941 0.0129541321837966 -4.27816924050321 2.88366305307729
9100 -4.26560832653431 0.0128401703871357 -4.27844849692145 2.88429033154636
9200 -4.26557214550814 0.0128407384393186 -4.27841288394746 2.88403157132809
9300 -4.26543510220033 0.0128435220058113 -4.27827862420614 2.88409824041893
9400 -4.26554562344488 0.0128341039016547 -4.27837972734653 2.88437346819308
9500 -4.26559832985205 0.0129005704555984 -4.27849890030765 2.88364041587674
9600 -4.26535822105644 0.0131439611768625 -4.2785021822333 2.88436603531734
9700 -4.26518175707736 0.0130346758461949 -4.27821643292356 2.884241969574
9800 -4.26534366411581 0.0131771303907802 -4.27852079450659 2.88373246470853
9900 -4.26536672021686 0.0130191063750209 -4.27838582659188 2.88428225893408
10000 -4.26544656219839 0.0128388815175105 -4.27828544371591 2.88407912227299
10100 -4.26519060835623 0.0132531188886754 -4.27844372724491 2.88402339417528
10200 -4.26558849685607 0.012732762484949 -4.27832125934101 2.88417074111088
10300 -4.26534659343179 0.0127479904470238 -4.27809458387881 2.88396364013288
10400 -4.26513386984663 0.0130230869730796 -4.27815695681971 2.88483642178345
10500 -4.26565012747513 0.0128276106507879 -4.27847773812591 2.88374062014147
10600 -4.2654996274167 0.0129001084689581 -4.27839973588566 2.88417055898991
10700 -4.2652617809412 0.01302039307347 -4.27828217401467 2.88418968130936
10800 -4.26527489224949 0.0129155925883447 -4.27819048483783 2.88411529640782
10900 -4.26554687863609 0.0129762205322262 -4.27852309916831 2.88430124911358
11000 -4.26532758434472 0.0128671067578791 -4.2781946911026 2.88376592521564
11100 -4.26530322410346 0.0131595641261256 -4.27846278822958 2.8841552630712
11200 -4.26498342477136 0.0132489356044662 -4.27823236037583 2.88432878711915
11300 -4.26520706206747 0.0132459839815734 -4.27845304604904 2.88387886182988
11400 -4.26551269897901 0.0129147728477777 -4.27842747182678 2.88422348732994
11500 -4.26549942852027 0.0130178483001839 -4.27851727682046 2.88383184791137
11600 -4.26541731822001 0.0126507505096676 -4.27806806872968 2.88441350607092
11700 -4.26501974096055 0.0131798507480129 -4.27819959170857 2.88466711029294
11800 -4.26530396908671 0.012853479005113 -4.27815744809183 2.8838767857271
11900 -4.26541120033949 0.0128877545785445 -4.27829895491804 2.88441967915435
12000 -4.26544116208684 0.0128935373497255 -4.27833469943657 2.88395245791491
12100 -4.26536521361555 0.0128013480657268 -4.27816656168128 2.88433315275205
12200 -4.26543465982212 0.0130141089741181 -4.27844876879623 2.88421443336224
12300 -4.26565300819135 0.0126784727723529 -4.2783314809637 2.88360837205357
12400 -4.26600843228893 0.0126083134617217 -4.27861674575065 2.88449759546437
12500 -4.26577623160892 0.0126126548397604 -4.27838888644868 2.88385932740991
12600 -4.26581777136099 0.0128945726531305 -4.27871234401412 2.88383582790617
12700 -4.26561759997945 0.0129270202561822 -4.27854462023563 2.88397995005677
12800 -4.26548804581446 0.0128038453230038 -4.27829189113746 2.88395207913238
12900 -4.26546104191663 0.012889636082986 -4.27835067799961 2.88452772523451
13000 -4.26526754518122 0.0130436111756144 -4.27831115635683 2.88381676706362
13100 -4.26529661446964 0.0131228997179921 -4.27841951418763 2.88414636230531
13200 -4.2652894098156 0.0131599860454515 -4.27844939586105 2.88420775023863
13300 -4.26556582510433 0.0129135834825065 -4.27847940858683 2.88384477299194
13400 -4.26583984747434 0.0128648763712411 -4.27870472384558 2.8839089392533
13500 -4.26564908504598 0.0128954061086642 -4.27854449115464 2.88373101559093
13600 -4.26517769298906 0.0129993973638797 -4.27817709035294 2.88413390149872
13700 -4.26558889733405 0.0128874959634925 -4.27847639329754 2.88436002382441
13800 -4.26565255317134 0.0129578984728227 -4.27861045164416 2.88353864882526
13900 -4.26565559664402 0.0126351425008644 -4.27829073914489 2.88446709507436
14000 -4.26568540214617 0.0129473971855655 -4.27863279933174 2.8835990582457
14100 -4.26581581791378 0.0125431315773415 -4.27835894949112 2.88410395022457
14200 -4.26523056737401 0.013127866358878 -4.27835843373289 2.88437940598167
14300 -4.2651646554991 0.0129509674593042 -4.27811562295841 2.88399027044833
14400 -4.26519072827013 0.0132843729205013 -4.27847510119063 2.88412068489348
14500 -4.26531488600141 0.0129186308013684 -4.27823351680278 2.88411961378306
14600 -4.26519999363327 0.0130211991906805 -4.27822119282396 2.88409468109085
14700 -4.26529166647387 0.0130139333080701 -4.27830559978194 2.88460845602586
14800 -4.26530978863252 0.0129733470834768 -4.278283135716 2.88354646857456
14900 -4.26526399950306 0.0131000681536812 -4.27836406765674 2.88428098619618
15000 -4.26520601705529 0.0131118968787222 -4.27831791393401 2.88419383518245
15100 -4.26536844563664 0.0128880226591904 -4.27825646829583 2.88401301799279
15200 -4.26531214063913 0.0130439635541446 -4.27835610419328 2.88448424030248
15300 -4.26557760713627 0.0130133293076641 -4.27859093644394 2.88349284186073
15400 -4.26576877732589 0.0129041869475527 -4.27867296427345 2.88397759664802
15500 -4.26555889146398 0.013006431904869 -4.27856532336885 2.88402122405316
15600 -4.26548374010393 0.0129849210147829 -4.27846866111872 2.88390418726494
15700 -4.26546753061322 0.0127972435454917 -4.27826477415871 2.88432540982511
15800 -4.26524795970126 0.0131175762736672 -4.27836553597493 2.88392891797837
15900 -4.26514252327437 0.0132794251632986 -4.27842194843767 2.88411263601968
16000 -4.26537443174117 0.0130184646874539 -4.27839289642863 2.884391682092
16100 -4.26542895168221 0.0129665398965736 -4.27839549157878 2.88381067853525
16200 -4.26565316028924 0.0127622482176757 -4.27841540850692 2.88438526471664
16300 -4.26548546295026 0.0128721257989672 -4.27835758874923 2.88397702303386
16400 -4.26555988731179 0.0128925254348729 -4.27845241274666 2.88400847946903
16500 -4.26561873231195 0.0128539916128353 -4.27847272392479 2.88413787537387
16600 -4.26544917203124 0.0129781029090112 -4.27842727494025 2.88367634606045
16700 -4.26540671158158 0.0128313953716346 -4.27823810695322 2.88480365861842
16800 -4.26547692808832 0.0129332712469592 -4.27841019933528 2.88372879682883
16900 -4.26576208212781 0.0128409156458845 -4.2786029977737 2.88394252108213
17000 -4.2656129142845 0.0129235881171982 -4.2785365024017 2.88398361855858
17100 -4.26561091427938 0.0130168395374194 -4.2786277538168 2.88372341492439
17200 -4.26536715143317 0.0129656965546778 -4.27833284798785 2.88448575963245
17300 -4.26574910348221 0.0127624221680019 -4.27851152565021 2.88365644245229
17400 -4.26557465837808 0.0129968584688806 -4.27857151684696 2.88396835792592
17500 -4.26539403188343 0.0128594663780651 -4.2782534982615 2.88431758841514
17600 -4.26571525435275 0.0127055815275051 -4.27842083588025 2.88394584982511
17700 -4.26570419831379 0.0128809575793193 -4.27858515589311 2.88401404759821
17800 -4.26571526820823 0.012790381985663 -4.27850565019389 2.88367286749037
17900 -4.26565486025423 0.012963108380974 -4.27861796863521 2.88411498937097
18000 -4.26552653182637 0.0129670162476803 -4.27849354807405 2.88407085836342
18100 -4.26541253605142 0.0128445248679897 -4.27825706091941 2.88390757427596
18200 -4.26540748534229 0.0130725837805875 -4.27848006912288 2.88419812980091
18300 -4.26560119660355 0.0129670357746809 -4.27856823237823 2.88379095420097
18400 -4.26586844710248 0.0125427349511743 -4.27841118205366 2.88406794526781
18500 -4.26582764181022 0.0126663259034559 -4.27849396771368 2.88403211308813
18600 -4.26555956153276 0.0127611162440738 -4.27832067777683 2.88398850773905
18700 -4.26563314946962 0.0128430390827825 -4.27847618855241 2.88434591969508
18800 -4.26548628158864 0.0128751484718812 -4.27836143006052 2.88375209187609
18900 -4.26530463402487 0.012943919835089 -4.27824855385996 2.88442906091
19000 -4.26515184626743 0.01305348000987 -4.2782053262773 2.88437103383519
19100 -4.26524885672742 0.0129019656700944 -4.27815082239752 2.88398304127155
19200 -4.26558217505505 0.0128892861588785 -4.27847146121392 2.88420914518269
19300 -4.26567429707886 0.0127566471979198 -4.27843094427678 2.88388170334478
19400 -4.26588936980936 0.0126895042216658 -4.27857887403103 2.88396988310605
19500 -4.26567500787631 0.0128220246903673 -4.27849703256667 2.88410820938748
19600 -4.26567620431213 0.0127685993548554 -4.27844480366699 2.88352634082786
19700 -4.26580177781119 0.0128428780176329 -4.27864465582882 2.8843210656062
19800 -4.26535415948048 0.0129083942174519 -4.27826255369793 2.88395949971348
19900 -4.26563089133566 0.0127319554620373 -4.27836284679769 2.88416386648413
20000 -4.26577735723441 0.012823266115743 -4.27860062335015 2.88384230387978
20100 -4.26544001196587 0.0128912597363039 -4.27833127170218 2.88407626300636
20200 -4.26550107107394 0.012951946536339 -4.27845301761028 2.8839968137148
20300 -4.26542786909479 0.0130088574498245 -4.27843672654461 2.88400960941053
20400 -4.26572439737122 0.0128315852292139 -4.27855598260043 2.88398756726569
20500 -4.26541286979309 0.0130426431370862 -4.27845551293017 2.88405988068307
20600 -4.26532332558801 0.012862120802151 -4.27818544639016 2.88410453348815
20700 -4.26540142569876 0.0130702307392522 -4.27847165643801 2.88437773756032
20800 -4.2656010155753 0.0127236772227697 -4.27832469279807 2.88386212684432
20900 -4.26550274110086 0.0130904116125952 -4.27859315271346 2.88390323731139
21000 -4.26516460720611 0.0130353265243868 -4.2781999337305 2.88454841978743
21100 -4.26536060113528 0.0130018867076373 -4.27836248784292 2.88390396381786
21200 -4.26505273413133 0.0129999430504269 -4.27805267718176 2.88443259763571
21300 -4.26554021562362 0.0127735056674085 -4.27831372129103 2.88420683322922
21400 -4.26586937073968 0.0127149492019454 -4.27858431994162 2.88379571166971
21500 -4.26557948976638 0.0129924457638017 -4.27857193553018 2.88414123508334
21600 -4.26548565682704 0.0128760628218887 -4.27836171964893 2.88361333248688
21700 -4.26564719919227 0.0128173704607924 -4.27846456965306 2.88438832178263
21800 -4.26566683302389 0.0128133801467431 -4.27848021317063 2.88394770688313
21900 -4.26562114160159 0.0127438083505503 -4.27836494995214 2.88395363515769
22000 -4.26562608081006 0.0127763372289605 -4.27840241803902 2.88426635614207
22100 -4.26550944493858 0.0129239302357033 -4.27843337517429 2.88382356674874
22200 -4.26518404747974 0.0129907264837978 -4.27817477396354 2.8843898064446
22300 -4.26534543756682 0.0128249155509162 -4.27817035311774 2.88420558735736
22400 -4.265323207386 0.0129549908358035 -4.27827819822181 2.88389023920354
22500 -4.26519443598802 0.0128523686485292 -4.27804680463655 2.88469025998414
22600 -4.26542048709887 0.0128784485582935 -4.27829893565717 2.8839045994686
22700 -4.26566281428818 0.0128101728210075 -4.27847298710919 2.88412142878203
22800 -4.26546784900825 0.0128314593687668 -4.27829930837702 2.88416797334938
22900 -4.26548533472946 0.0129692233902547 -4.27845455811972 2.8839883241224
23000 -4.26537990379139 0.0129694344919844 -4.27834933828337 2.88423551380159
23100 -4.26512584821094 0.0131561542335728 -4.27828200244451 2.88412178092905
23200 -4.26524221996307 0.0129276629715083 -4.27816988293457 2.88431132616702
23300 -4.26519675877974 0.0130013581091691 -4.2781981168889 2.88435421860222
23400 -4.26558120487534 0.0130359581500849 -4.27861716302542 2.88345737736611
23500 -4.26543511070683 0.0128928099181232 -4.27832792062495 2.8847270633743
23600 -4.26587250836055 0.0126890654195924 -4.27856157378015 2.88359034533616
23700 -4.26549046351139 0.0127480478324155 -4.27823851134381 2.88435390828506
23800 -4.26529880447866 0.0130382072258352 -4.2783370117045 2.88417000772388
23900 -4.26514917860983 0.0130521476698599 -4.27820132627969 2.88409130055492
24000 -4.26554779163767 0.0127793353870382 -4.27832712702471 2.88459989123509
24100 -4.26556158598928 0.0129202427924282 -4.2784818287817 2.8836023395011
24200 -4.2656712423877 0.0128276549749012 -4.2784988973626 2.88409624303248
24300 -4.26558600550398 0.0130778772640642 -4.27866388276805 2.88393665506104
24400 -4.26550846495319 0.012876022761095 -4.27838448771428 2.88390603319891
24500 -4.26556892844161 0.0128895115911376 -4.27845844003275 2.88416785200569
24600 -4.26524973734803 0.0130707049963557 -4.27832044234439 2.88403867524372
24700 -4.26517148393165 0.0129416974511984 -4.27811318138285 2.88430193055527
24800 -4.26529440162235 0.0131956297001295 -4.27849003132248 2.88409919400137
24900 -4.26524375110496 0.0133065701875247 -4.27855032129248 2.88357145209167
25000 -4.26554155314511 0.0130780047294685 -4.27861955787458 2.88434581932992
25100 -4.26526847934993 0.0129956522225762 -4.27826413157251 2.88398186561897
25200 -4.26516433095581 0.0131572086062268 -4.27832153956204 2.88403051223267
25300 -4.26543907217842 0.0128539849013179 -4.27829305707974 2.88422245920662
25400 -4.26511533085915 0.0130668853681403 -4.27818221622729 2.8841308899201
25500 -4.26524234728178 0.0131514793679384 -4.27839382664972 2.88416815605239
25600 -4.26523731841106 0.0129960507726233 -4.27823336918368 2.88436168674202
25700 -4.26536429305282 0.0129600955771365 -4.27832438862995 2.88367926640281
25800 -4.26511976039429 0.0130051945860787 -4.27812495498037 2.88459137324421
25900 -4.26570538067509 0.0128047617736648 -4.27851014244875 2.88379283896483
26000 -4.26547551524991 0.0130163464288582 -4.27849186167877 2.88405306287293
26100 -4.26549718800017 0.0126867120319252 -4.2781839000321 2.88434803066743
26200 -4.26548756483549 0.0130310874582033 -4.27851865229369 2.88338556289282
26300 -4.26556896927181 0.0128869757246021 -4.27845594499641 2.88447451214157
26400 -4.26541168803944 0.0128835370914639 -4.2782952251309 2.88398227282738
26500 -4.26545761146392 0.0128410753678395 -4.27829868683176 2.88427114785395
26600 -4.2653738771594 0.0128947678339595 -4.27826864499337 2.88432227882587
26700 -4.26574029591654 0.012888173414571 -4.27862846933111 2.88357261839202
26800 -4.2654908862471 0.0129027707982129 -4.27839365704531 2.88446865445703
26900 -4.26574960324739 0.0128035123350534 -4.27855311558244 2.88355813849709
27000 -4.2654984619507 0.012945258625227 -4.27844372057592 2.88412694627087
27100 -4.26535566175697 0.0129775352719419 -4.27833319702891 2.88417344974714
27200 -4.2650962731189 0.0131904769320338 -4.27828675005094 2.88403358254405
27300 -4.26548952518357 0.0128877830241334 -4.2783773082077 2.88417253861534
27400 -4.26558474922223 0.01291365307672 -4.27849840229895 2.88391618930428
27500 -4.26556500340826 0.0130030321241499 -4.27856803553241 2.88405455680549
27600 -4.26539355540852 0.012722246261503 -4.27811580167002 2.88457266218851
27700 -4.26552802970134 0.0128396286055746 -4.27836765830691 2.88365919377428
27800 -4.26567838925237 0.0129713819461368 -4.27864977119851 2.88411934011366
27900 -4.26528742526035 0.0130282090348016 -4.27831563429516 2.88404803245819
28000 -4.26550337543521 0.0130143140801322 -4.27851768951534 2.88398178856477
28100 -4.26551653052027 0.0129538817060158 -4.27847041222628 2.88400207585648
28200 -4.26540359961344 0.0128798644061533 -4.27828346401959 2.88388564937137
28300 -4.26544419031469 0.0127290350790125 -4.2781732253937 2.8849076938429
28400 -4.26543617056103 0.0128546961571933 -4.27829086671823 2.88378522347165
28500 -4.26547822751605 0.0129218466410779 -4.27840007415713 2.88412625421559
28600 -4.26490230918791 0.0133326185060477 -4.27823492769396 2.88432351730509
28700 -4.26514240311226 0.0130015058602111 -4.27814390897247 2.88408905070564
28800 -4.26552288024347 0.0129348133779165 -4.27845769362138 2.88425105602881
28900 -4.26551866410947 0.0128044377524392 -4.27832310186191 2.8838783839847
29000 -4.26547537053059 0.0129191813569709 -4.27839455188756 2.88390877104481
29100 -4.265577792684 0.0129263576455129 -4.27850415032952 2.88420917082324
29200 -4.26541010571363 0.0130712017164756 -4.27848130743011 2.88378355015404
29300 -4.26579602900665 0.0126099051341833 -4.27840593414083 2.88419442608727
29400 -4.26557045383086 0.0129415591902839 -4.27851201302114 2.88386700314891
29500 -4.26575811074386 0.0129355593076709 -4.27869367005153 2.88368859396055
29600 -4.26585961198644 0.012838489596124 -4.27869810158257 2.88421279185282
29700 -4.26564629762046 0.0127902044935246 -4.27843650211398 2.88372937969812
29800 -4.26570926044601 0.0127501656023079 -4.27845942604832 2.88436499957485
29900 -4.26581690432402 0.0127354680288198 -4.27855237235284 2.88368959532166
30000 -4.26537038709859 0.013021735165804 -4.27839212226439 2.88413172337119
30100 -4.26550572011326 0.0129725825212792 -4.27847830263454 2.8844771583849
30200 -4.26554064817763 0.012762829091936 -4.27830347726957 2.88381438838916
30300 -4.26548278385108 0.0129355012304472 -4.27841828508152 2.88432656265707
30400 -4.26570397222603 0.0128789669915265 -4.27858293921756 2.8837471722541
30500 -4.26560678277988 0.0127813808459036 -4.27838816362578 2.88411607888083
30600 -4.26567684331915 0.0128905343155126 -4.27856737763467 2.88439225198466
30700 -4.26544717910146 0.0128616898208176 -4.27830886892228 2.88370700770749
30800 -4.26540991427354 0.0129521979326816 -4.27836211220622 2.88443093280758
30900 -4.26521330413306 0.0131093599223819 -4.27832266405544 2.88396344990099
31000 -4.26546168510445 0.0128513032629828 -4.27831298836744 2.88404121152036
31100 -4.26539369805314 0.0130076335076361 -4.27840133156078 2.88433718285638
31200 -4.26503184665418 0.0133119070751488 -4.27834375372933 2.88350245710072
31300 -4.2652831644659 0.0129910700024299 -4.27827423446833 2.88456273793467
31400 -4.26513660719209 0.012944274922656 -4.27808088211474 2.88423878443856
31500 -4.26503420245524 0.0131158426109013 -4.27815004506614 2.8842519076355
31600 -4.26528703381495 0.0129513824238931 -4.27823841623884 2.88442017350126
31700 -4.26510012426616 0.0131326828214234 -4.27823280708758 2.88372316832376
31800 -4.26565177646862 0.0126822422417019 -4.27833401871032 2.8844364177784
31900 -4.26539092937939 0.0129481556961561 -4.27833908507555 2.8840729479538
32000 -4.26580419012085 0.0127842552529357 -4.27858844537379 2.88371413700947
32100 -4.2653739690919 0.0128723079362968 -4.27824627702819 2.88436291173348
32200 -4.26526209019342 0.012943794277107 -4.27820588447053 2.88404808502386
32300 -4.26519593670503 0.0131847496831504 -4.27838068638818 2.88432139031232
32400 -4.26548008356984 0.0128228926663371 -4.27830297623618 2.88403194610324
32500 -4.26561010494467 0.0128171499247098 -4.27842725486938 2.88383608058345
32600 -4.26590955417269 0.0128456442693602 -4.27875519844205 2.88396165068613
32700 -4.26571880826418 0.0130742338703214 -4.2787930421345 2.88348959679223
32800 -4.26551135069405 0.0127035119656281 -4.27821486265968 2.88439627235549
32900 -4.2652356757608 0.0130459404099592 -4.27828161617076 2.88405644946204
33000 -4.2655079257211 0.0129348972903573 -4.27844282301145 2.88402654708347
33100 -4.26537882655622 0.0129568437174078 -4.27833567027362 2.88456111110564
33200 -4.26527965620709 0.0131130719961091 -4.2783927282032 2.88338570107122
33300 -4.26536254952513 0.0129880745348474 -4.27835062405998 2.88436751580259
33400 -4.26544742849057 0.0127984315392205 -4.2782458600298 2.8842352053489
33500 -4.26543820167933 0.0130254584307292 -4.27846366011006 2.88392836252101
33600 -4.26525108813273 0.0132346384851987 -4.27848572661793 2.88435656364215
33700 -4.26531462377709 0.0129016819046401 -4.27821630568173 2.88363213676758
33800 -4.26559781491488 0.0128549023756314 -4.27845271729052 2.88436144486042
33900 -4.26543296859195 0.0129675512729553 -4.2784005198649 2.88407794027986
34000 -4.26540586115929 0.0129575245413623 -4.27836338570065 2.88394308031346
34100 -4.26535954004304 0.0129428759509108 -4.27830241599395 2.88449211779771
34200 -4.26580339858886 0.0127330073013841 -4.27853640589025 2.88354225142002
34300 -4.26556151690374 0.0129028566827258 -4.27846437358647 2.88470068915365
34400 -4.26516712738922 0.0129573036782984 -4.27812443106752 2.88424757530985
34500 -4.2651305345533 0.0130113256354737 -4.27814186018877 2.88420981024629
34600 -4.26515599260066 0.0131858148360125 -4.27834180743667 2.88435988953242
34700 -4.26537790431759 0.0128045735114623 -4.27818247782905 2.88399398775144
34800 -4.26540470026527 0.0130306415893621 -4.27843534185463 2.88422767271154
34900 -4.26507730665196 0.0131494422580875 -4.27822674891005 2.88439965527823
35000 -4.26517144087746 0.0129971683992329 -4.27816860927669 2.88392079726123
35100 -4.26533165542853 0.0131180989531306 -4.27844975438166 2.88440274994229
35200 -4.26577586981268 0.0126707934445354 -4.27844666325722 2.88365944166056
35300 -4.26577720341956 0.012590301406529 -4.27836750482609 2.88420245946093
35400 -4.26561893475284 0.0128249546931888 -4.27844388944603 2.88408481177871
35500 -4.26539613984422 0.0128239370604498 -4.27822007690467 2.88378136948012
35600 -4.26534892198791 0.0130854799984444 -4.27843440198636 2.88435825938103
35700 -4.26532066722733 0.0131763193316593 -4.27849698655899 2.88380556734509
35800 -4.26514268989879 0.0129221434447711 -4.27806483334356 2.88443425638931
35900 -4.26522808014846 0.0128967901780759 -4.27812487032654 2.88441528837913
36000 -4.26518864456713 0.0130737420040586 -4.27826238657118 2.88362826304981
36100 -4.26508571641634 0.0132164085565897 -4.27830212497293 2.88468923574636
36200 -4.26522726100934 0.0130783803833598 -4.2783056413927 2.88392804354806
36300 -4.26517342724356 0.0132173863957163 -4.27839081363927 2.88407996944928
36400 -4.26536112768542 0.012953129167514 -4.27831425685293 2.88429297451
36500 -4.26576852693861 0.0125046870974873 -4.2782732140361 2.88383647103527
36600 -4.26484865630432 0.0130833491170778 -4.27793200542139 2.88506053653796
36700 -4.2654140058572 0.0129451427479198 -4.27835914860512 2.88375225389576
36800 -4.26548248312826 0.0130846271777117 -4.27856711030598 2.88393881906376
36900 -4.26527909539315 0.013175515836695 -4.27845461122984 2.88413551149412
37000 -4.2650454926398 0.0132158178852795 -4.27826131052508 2.88392316186474
37100 -4.26553694778495 0.0128035373380257 -4.27834048512298 2.88444358392387
37200 -4.26525628141916 0.0132618214688096 -4.27851810288797 2.88369657073064
37300 -4.26576857508443 0.012920978910128 -4.27868955399456 2.88382491041749
37400 -4.26553441998566 0.0127690368267284 -4.27830345681239 2.88442772488908
37500 -4.26551834279305 0.01292219884157 -4.27844054163462 2.88362363228728
37600 -4.26550664927299 0.0128343953147374 -4.27834104458772 2.88446236893123
37700 -4.26553596472176 0.0129846310665898 -4.27852059578835 2.88383617347756
37800 -4.26554144572518 0.0130749876038857 -4.27861643332906 2.88389139913585
37900 -4.26536655109208 0.012992976386015 -4.2783595274781 2.88409638227368
38000 -4.26514456246419 0.0129824543982504 -4.27812701686244 2.88414972997624
38100 -4.26505997776967 0.0131413168997271 -4.2782012946694 2.88479959468317
38200 -4.26525620062477 0.0129181773824475 -4.27817437800722 2.88385291595135
38300 -4.26546990267187 0.0128654751056831 -4.27833537777756 2.88422013458731
38400 -4.26527652561405 0.0132756469801574 -4.27855217259421 2.88413445497078
38500 -4.26528944657452 0.0130467882730774 -4.2783362348476 2.88388582480007
38600 -4.26558500257944 0.0129676094182308 -4.27855261199767 2.88432261158932
38700 -4.26563471405351 0.0129483354105329 -4.27858304946404 2.88355147401042
38800 -4.26566636014207 0.0126938522406877 -4.27836021238275 2.88422420684553
38900 -4.26547059566946 0.0130111725052094 -4.27848176817467 2.88419484887424
39000 -4.26558775105024 0.01275800884902 -4.27834575989926 2.88385610413051
39100 -4.2654634453048 0.013016980713496 -4.27848042601829 2.88422914839679
39200 -4.26560967581167 0.0130456891979682 -4.27865536500964 2.88370165939208
39300 -4.26542944478441 0.0128657300490717 -4.27829517483349 2.88426562988005
39400 -4.26527048622346 0.0130755531741545 -4.27834603939761 2.88445044222528
39500 -4.26526335379734 0.0132336126986391 -4.27849696649598 2.88356806081442
39600 -4.26508943112409 0.0132228281782731 -4.27831225930236 2.88445083977223
39700 -4.26526934623537 0.0129046604070072 -4.27817400664238 2.88411566822684
39800 -4.26545379331237 0.0129619037109916 -4.27841569702336 2.8839464561933
39900 -4.26552620682787 0.0129112649257651 -4.27843747175364 2.88481892054831
40000 -4.26552618573762 0.0128117331616288 -4.27833791889925 2.88371224061977
40100 -4.26556909294933 0.0129504176341915 -4.27851951058353 2.88417945474463
40200 -4.26533052540553 0.0129910674629657 -4.2783215928685 2.88396643100511
40300 -4.26540456159689 0.0131376102141263 -4.27854217181102 2.88386104524094
40400 -4.26573032095517 0.0128913503210266 -4.2786216712762 2.88444832292027
40500 -4.26548843604526 0.0129197783154171 -4.27840821436067 2.88365873056692
40600 -4.26563936118662 0.0127082846355571 -4.27834764582217 2.88436672214434
40700 -4.26539700758796 0.0128414624434959 -4.27823847003145 2.88404889652606
40800 -4.26515673988395 0.0132394840444551 -4.27839622392841 2.88401210922949
40900 -4.26530384567454 0.0130464277275486 -4.27835027340209 2.88473645330541
41000 -4.26492749976073 0.01327652048693 -4.27820402024766 2.88377516237233
41100 -4.26527833063979 0.0132231802628287 -4.27850151090261 2.88409304488629
41200 -4.2654068851106 0.0130753046192075 -4.27848218972981 2.88398595364596
41300 -4.26553486182818 0.0128808180262099 -4.27841567985439 2.88398875004633
41400 -4.26532530219948 0.0130508537217585 -4.27837615592123 2.88458833793778
41500 -4.26550653102565 0.0130110146929806 -4.27851754571863 2.88337477117564
41600 -4.26536752675805 0.0129548209921696 -4.27832234775022 2.88440844148106
41700 -4.26564202168855 0.0127520277420517 -4.27839404943061 2.88399918146898
41800 -4.26563174186325 0.0128550979321098 -4.27848683979536 2.88381590578923
41900 -4.26557607278918 0.012708558173772 -4.27828463096295 2.88441114550279
42000 -4.26576532668511 0.0128133765748248 -4.27857870325994 2.88372738541326
42100 -4.26561341278372 0.0127777534903177 -4.27839116627403 2.88421754558017
42200 -4.26543825266659 0.0128315734287825 -4.27826982609537 2.88407683547852
42300 -4.26536958861866 0.0131782571798155 -4.27854784579848 2.88360496190208
42400 -4.26551845468726 0.0129706782040882 -4.27848913289135 2.88421996379479
42500 -4.26563503883841 0.0128675955080922 -4.2785026343465 2.88380468254964
42600 -4.26539065482498 0.0129397794404792 -4.27833043426546 2.88428354105138
42700 -4.26524277231831 0.0130185449837759 -4.27826131730209 2.88415108782894
42800 -4.26550410929091 0.0130157023976353 -4.27851981168854 2.88373039521885
42900 -4.26543158597756 0.0129041353087266 -4.27833572128629 2.88477981622693
43000 -4.2654460616191 0.0131309897735719 -4.27857705139268 2.88362626439652
43100 -4.26571139201924 0.0126669395673158 -4.27837833158656 2.88412966105776
43200 -4.26563169886508 0.0129168672924653 -4.27854856615755 2.88388832819111
43300 -4.2653649853678 0.012933245470246 -4.27829823083805 2.88405312366544
43400 -4.26562919953597 0.0128153213820443 -4.27844452091802 2.88440081019989
43500 -4.26545551961607 0.0130210945055029 -4.27847661412157 2.88343873190816
43600 -4.26558892494516 0.0127915957525686 -4.27838052069773 2.8843997186577
43700 -4.26551319836258 0.0129257203671865 -4.27843891872977 2.883889452727
43800 -4.26555564123318 0.0129314351732849 -4.27848707640647 2.88388062234714
43900 -4.26561346457259 0.0128863961918454 -4.27849986076444 2.88415650877253
44000 -4.26553167219491 0.012865814815097 -4.27839748701 2.88372028098997
44100 -4.26544861762648 0.0129036530706197 -4.2783522706971 2.88464706142654
44200 -4.26562670706002 0.012891194833716 -4.27851790189374 2.88360593238846
44300 -4.26560852648698 0.0128664287060763 -4.27847495519305 2.8840094094382
44400 -4.26548499957552 0.0129205906022179 -4.27840559017774 2.88412557113015
44500 -4.26541703823961 0.0129834739677288 -4.27840051220734 2.88392764199801
44600 -4.26522074381996 0.0131327968397104 -4.27835354065967 2.88432809054078
44700 -4.26536532592853 0.0130887050241747 -4.27845403095271 2.88383939706152
44800 -4.26545941429085 0.0128932096069854 -4.27835262389783 2.88394359873148
44900 -4.26538662393788 0.0129002875071165 -4.278286911445 2.88442871382129
45000 -4.26528656788746 0.0129627861066208 -4.27824935399408 2.88401042525742
45100 -4.26529948824227 0.0129254300467537 -4.27822491828902 2.88446075739133
45200 -4.26520916325175 0.0130491000274937 -4.27825826327924 2.88413568846096
45300 -4.26532291000429 0.0132203586388722 -4.27854326864316 2.88374067037499
45400 -4.26533692299661 0.0130839516175654 -4.27842087461418 2.88464895608861
45500 -4.26563925077255 0.012971403485449 -4.278610654258 2.8835282871363
45600 -4.26553687041187 0.0129242112372523 -4.27846108164912 2.88415593334271
45700 -4.26575686807794 0.0127750762860099 -4.27853194436395 2.88386961415165
45800 -4.265457515952 0.013044415059117 -4.27850193101112 2.88384733969205
45900 -4.26548357577221 0.0129287918346877 -4.27841236760689 2.88441916940029
46000 -4.26516900575777 0.0130824021706595 -4.27825140792843 2.88382080343747
46100 -4.26558054394442 0.0127847175265892 -4.27836526147101 2.88441798249191
46200 -4.26544248920711 0.0128482366638646 -4.27829072587097 2.88411246956232
46300 -4.26522571554929 0.0131084178163135 -4.2783341333656 2.88398484513554
46400 -4.26554195204063 0.0128447016165263 -4.27838665365716 2.88420198849667
46500 -4.2658047569777 0.0129607235046159 -4.27876548048232 2.88352551376305
46600 -4.26549956913128 0.0127681518340635 -4.27826772096534 2.88447320287529
46700 -4.2651957764986 0.0131299803677057 -4.27832575686631 2.88412055085733
46800 -4.2653160128411 0.0129613504173835 -4.27827736325849 2.88390671693565
46900 -4.26518627835224 0.0132794650309628 -4.2784657433832 2.88432137643481
47000 -4.26542767866766 0.0129699540808748 -4.27839763274854 2.88382706600524
47100 -4.2655024057869 0.0128546176817979 -4.2783570234687 2.8841185091095
47200 -4.2655869612963 0.0130152194960161 -4.27860218079231 2.88391139377461
47300 -4.26522090013084 0.0130638522457303 -4.27828475237657 2.88411711855807
47400 -4.26565339967827 0.0127304987609381 -4.27838389843921 2.88419388077964
47500 -4.26561422422215 0.0129684668434734 -4.27858269106562 2.88378138880556
47600 -4.26576623096793 0.0127487778037476 -4.27851500877168 2.88406565836421
47700 -4.26538316708063 0.0129750435646074 -4.27835821064523 2.88428030249936
47800 -4.26555388111577 0.0130519354087077 -4.27860581652448 2.88345385371351
47900 -4.26509762717508 0.013086920893768 -4.27818454806885 2.88463201193517
48000 -4.26520410754321 0.0129689964872928 -4.27817310403051 2.88416342565315
48100 -4.26536083032961 0.0128458516419173 -4.27820668197153 2.88424460940867
48200 -4.26553022131391 0.0128892208438158 -4.27841944215772 2.88414005623471
48300 -4.26510697354741 0.0131848348786686 -4.27829180842608 2.88379452063226
48400 -4.26539991512616 0.0130296759164817 -4.27842959104264 2.88457776503725
48500 -4.26565610955602 0.0129019909704642 -4.27855810052649 2.88376350174051
48600 -4.26588087754887 0.0127034334130722 -4.27858431096194 2.88388303354826
48700 -4.26543604364464 0.0129505028979911 -4.27838654654263 2.88412603972946
48800 -4.26573069868302 0.0128500096045092 -4.27858070828753 2.88377951150358
48900 -4.26560060556217 0.0128558827894279 -4.27845648835159 2.88401951867124
49000 -4.26535208862237 0.0129419595169149 -4.27829404813928 2.88406913828786
49100 -4.26548905172628 0.012863460565248 -4.27835251229153 2.88408370172551
49200 -4.26544951882081 0.0129672816767575 -4.27841680049757 2.88412097078587
49300 -4.2656915779675 0.0127661050054191 -4.27845768297292 2.88395322826627
49400 -4.26565211133091 0.0129954882097277 -4.27864759954063 2.88379013509566
49500 -4.26551885440741 0.0129364502108253 -4.27845530461823 2.88415273831135
49600 -4.26539882452457 0.0128398248564462 -4.27823864938101 2.88393871960284
49700 -4.26544803765367 0.0127674593188408 -4.27821549697251 2.88455486513955
49800 -4.26534247802363 0.0128327842607518 -4.27817526228438 2.88420474447064
49900 -4.2653407065482 0.0132065741092914 -4.2785472806575 2.88365155611858
50000 -4.26553161630027 0.0130826013673368 -4.27861421766761 2.88425903217476
50100 -4.26539553415556 0.0128309904397662 -4.27822652459532 2.8838337335525
50200 -4.26550205725873 0.0128837285461969 -4.27838578580493 2.88428773588678
50300 -4.26555475176671 0.0129622707300854 -4.2785170224968 2.88401001038744
50400 -4.26556694963926 0.0130443482087076 -4.27861129784797 2.88365674167403
50500 -4.26517122150746 0.0131628457225393 -4.27833406723 2.88461014783943
50600 -4.26574401189215 0.0130259961431498 -4.2787700080353 2.88334887854254
50700 -4.26603934072924 0.012745176070723 -4.27878451679997 2.88382946646498
50800 -4.26563288564633 0.0129188081746025 -4.27855169382094 2.88393200603234
50900 -4.26526747622436 0.0131691776001868 -4.27843665382455 2.88395611400935
51000 -4.26524673269119 0.0129949078750054 -4.2782416405662 2.88444878520361
51100 -4.26539741313433 0.0130144367103267 -4.27841184984465 2.88354116382886
51200 -4.26536968713845 0.013183410045364 -4.27855309718381 2.88428291317042
51300 -4.26506114943259 0.0132021978188445 -4.27826334725143 2.88431014893635
51400 -4.26540203727724 0.0129653473789224 -4.27836738465616 2.88395717084414
51500 -4.26542960726089 0.0128401458788998 -4.27826975313979 2.88431609659316
51600 -4.26576681860221 0.0127107126823698 -4.27847753128458 2.88370469422626
51700 -4.26541352305721 0.0131742272172087 -4.27858775027442 2.88405722320505
51800 -4.26528661858031 0.013056239389621 -4.27834285796993 2.8843504872061
51900 -4.26545589367405 0.0129092756916229 -4.27836516936568 2.88387122825912
52000 -4.26576045797882 0.0126663843947718 -4.27842684237359 2.88426578244642
52100 -4.26560867715101 0.0129014196650441 -4.27851009681605 2.88371688451639
52200 -4.26529252494611 0.0130546097788239 -4.27834713472493 2.8842461756831
52300 -4.26566767534813 0.0128421652736961 -4.27850984062183 2.88426868064983
52400 -4.26573522937599 0.012977089748876 -4.27871231912486 2.88341058681379
52500 -4.26540094709142 0.0128478534296211 -4.27824880052104 2.88451672167044
52600 -4.26552385056863 0.0127890059046892 -4.27831285647332 2.883944707676
52700 -4.26547914894963 0.0128636368058311 -4.27834278575546 2.88424259817229
52800 -4.26559752938618 0.0130190304844731 -4.27861655987065 2.88429241291445
52900 -4.26526083764659 0.0130811709701266 -4.27834200861672 2.88373169421036
53000 -4.26536204000285 0.0129584477978607 -4.27832048780071 2.88448018241426
53100 -4.26535127205297 0.0129168426973624 -4.27826811475033 2.88394251909088
53200 -4.26506230548849 0.013062576969229 -4.27812488245772 2.88431164929086
53300 -4.26532630444186 0.0128803792801126 -4.27820668372197 2.88485300873016
53400 -4.26535551344271 0.0130678371508093 -4.27842335059352 2.88367671708399
53500 -4.26536539063574 0.0128889856861348 -4.27825437632187 2.88437522997706
53600 -4.2654907133627 0.0132854618955814 -4.27877617525828 2.88365530293426
53700 -4.26542133168701 0.0127940862973456 -4.27821541798436 2.88412082963378
53800 -4.26541666117065 0.0129503339094624 -4.27836699508011 2.88474011956947
53900 -4.26541969500932 0.0129252101547493 -4.27834490516407 2.88361181704194
54000 -4.26532073310043 0.0130554567651917 -4.27837618986562 2.88419535298423
54100 -4.26513871656888 0.0131286938506567 -4.27826741041954 2.88417830395157
54200 -4.26539025178657 0.0130577775036563 -4.27844802929023 2.88393480093634
54300 -4.26530344025281 0.0129174292191593 -4.27822086947197 2.88476101074158
54400 -4.26564192986898 0.012833884971621 -4.2784758148406 2.88349136292608
54500 -4.26554487089316 0.0129634071992349 -4.2785082780924 2.88419374870876
54600 -4.26540822360887 0.0128579299026667 -4.27826615351154 2.88424585301334
54700 -4.26562716909562 0.0129154667101886 -4.27854263580581 2.88386132003977
54800 -4.26534423935217 0.0130983465034507 -4.27844258585562 2.88435412342867
54900 -4.2656519683607 0.0126421944085358 -4.27829416276924 2.88377631243665
55000 -4.26576137149332 0.0127261356577434 -4.27848750715106 2.88421946971952
55100 -4.26557237375865 0.0128777177661937 -4.27845009152485 2.88413571384601
55200 -4.26569396187023 0.0129134611582012 -4.27860742302843 2.88375675267867
55300 -4.26564569878215 0.0129138922474907 -4.27855959102964 2.88412309635466
55400 -4.2655990761713 0.0127069486725761 -4.27830602484387 2.88394913704765
55500 -4.26554655458674 0.0128278080419872 -4.27837436262873 2.88438613439767
55600 -4.26551703945297 0.0128388038581101 -4.27835584331108 2.88412423419975
55700 -4.26571132633713 0.012646276794278 -4.27835760313141 2.88385199054993
55800 -4.26555879138015 0.012904134129011 -4.27846292550916 2.8843825282859
55900 -4.26555236386708 0.0128858186917436 -4.27843818255882 2.88368214848394
56000 -4.26536535500631 0.0128490592053799 -4.27821441421169 2.88440873518823
56100 -4.26571291093078 0.0127845883141637 -4.27849749924495 2.88390943188007
56200 -4.26549907580334 0.0131028374270724 -4.27860191323042 2.88363272156412
56300 -4.26553235842576 0.0129090996228834 -4.27844145804864 2.88465345094958
56400 -4.26545249728418 0.0128525281060087 -4.27830502539019 2.88370386819165
56500 -4.26539596024767 0.0129351885672742 -4.27833114881494 2.88430398508221
56600 -4.26523824781375 0.0130613066425238 -4.27829955445627 2.88415783077965
56700 -4.26553388070493 0.0128413461442989 -4.27837522684923 2.883912960333
56800 -4.26555811762109 0.0129833140736669 -4.27854143169475 2.88459341185509
56900 -4.26546848439426 0.0128296531837592 -4.27829813757802 2.88346596507316
57000 -4.26549680670111 0.0128495295509115 -4.27834633625202 2.8844041712747
57100 -4.26551688037212 0.0128215579256132 -4.27833843829773 2.88402674335162
57200 -4.26549233511719 0.0130375863285861 -4.27852992144577 2.88386670311753
57300 -4.26554746163686 0.0127280391486026 -4.27827550078547 2.88446195369652
57400 -4.26557046277938 0.0128345569455266 -4.2784050197249 2.88295259055057
57500 -4.26548341196878 0.0129341645309892 -4.27841757649977 2.88452820213832
57600 -4.2655191544666 0.0129498374068667 -4.27846899187347 2.88379226385567
57700 -4.2657619604618 0.012751695465468 -4.27851365592727 2.88389395144857
57800 -4.26551602314867 0.012807616913917 -4.27832364006259 2.88425218038528
57900 -4.26534175203206 0.012724158928955 -4.27806591096101 2.88413548762076
58000 -4.26536943878874 0.0129862163002405 -4.27835565508898 2.88452955218401
58100 -4.26548924881727 0.0129008238420422 -4.27839007265931 2.88382741144776
58200 -4.26571727381416 0.0126598338724738 -4.27837710768663 2.88390687124054
58300 -4.26603242698889 0.0125097083767251 -4.27854213536561 2.88418724733607
58400 -4.26564764664264 0.0128537904516246 -4.27850143709427 2.88362795043462
58500 -4.26544735044227 0.0131686661596595 -4.27861601660192 2.884208198109
58600 -4.26569306013006 0.0127875506186414 -4.2784806107487 2.88379602892254
58700 -4.26554089934531 0.0129289763558262 -4.27846987570113 2.88394131844458
58800 -4.26534694673375 0.0129200506413779 -4.27826699737513 2.88458057034182
58900 -4.26564854078648 0.0129125229388113 -4.27856106372529 2.88358238642504
59000 -4.26562711657127 0.0127831903025363 -4.27841030687381 2.88422602443863
59100 -4.26554536672687 0.0127946418381061 -4.27834000856498 2.8838812892588
59200 -4.26589488874519 0.0125742742479653 -4.27846916299315 2.88424284365045
59300 -4.26582652105732 0.012807395745245 -4.27863391680256 2.88387711970816
59400 -4.26591716020465 0.0127041185063968 -4.27862127871105 2.88363771346867
59500 -4.26573963693872 0.0127007376931093 -4.27844037463183 2.88428539103729
59600 -4.26551864511956 0.0128719056709488 -4.27839055079051 2.8837243362488
59700 -4.26492812925403 0.0132960073126318 -4.27822413656666 2.88442515250976
59800 -4.26526958999636 0.0129043649115301 -4.27817395490789 2.88445765095364
59900 -4.26527101670949 0.0129853274429896 -4.27825634415248 2.88367120966554
60000 -4.26542835104384 0.0129173166511642 -4.27834566769501 2.88439134306218
60100 -4.26530050680642 0.0131729787588153 -4.27847348556524 2.88383118506181
60200 -4.26541296532254 0.0128752536823844 -4.27828821900492 2.88424421277229
60300 -4.26550912893597 0.0129853876140626 -4.27849451655003 2.88433995688718
60400 -4.26567452383674 0.0126909351495604 -4.2783654589863 2.88349111499803
60500 -4.26543736721373 0.0128808104591331 -4.27831817767287 2.88458984877153
60600 -4.26549680437191 0.012769070617552 -4.27826587498947 2.88400882223875
60700 -4.26549929452676 0.0129130191905875 -4.27841231371734 2.88407829271744
60800 -4.26542780963633 0.0128897556630528 -4.27831756529938 2.88423840449363
60900 -4.26571327777374 0.0128546319620162 -4.27856790973576 2.8837786492605
61000 -4.26547241697149 0.0129932830313026 -4.27846570000279 2.88403278411517
61100 -4.26536990812994 0.0130355687041925 -4.27840547683413 2.88404554026547
61200 -4.26540069666345 0.0129076277342601 -4.27830832439771 2.88407573325389
61300 -4.26551511197376 0.0128649327598935 -4.27838004473365 2.88443135988428
61400 -4.26531850475382 0.0129679532934808 -4.2782864580473 2.88375121635225
61500 -4.26528456102281 0.013256218895029 -4.27854077991784 2.88426814922801
61600 -4.26557198471729 0.0130276738931145 -4.27859965861041 2.88380600238494
61700 -4.26532189262752 0.0128731285038178 -4.27819502113133 2.88426087698466
61800 -4.26555026704651 0.0128247669116159 -4.27837503395813 2.8841795482193
61900 -4.26546219381735 0.0128660994143304 -4.27832829323168 2.88382612663308
62000 -4.26533145036201 0.012884901283591 -4.2782163516456 2.88464378523653
62100 -4.26531493605077 0.0130961073922799 -4.27841104344305 2.88393482610625
62200 -4.26527239006965 0.0130218177045646 -4.27829420777422 2.88406271082149
62300 -4.26532718765071 0.0128461979311791 -4.27817338558189 2.88448141192109
62400 -4.26554796848524 0.0130000756856715 -4.27854804417091 2.88381616529762
62500 -4.26540805244256 0.0129462916667687 -4.27835434410933 2.88405243389611
62600 -4.26550586899032 0.0128220707523881 -4.27832793974271 2.88414982089711
62700 -4.26552545743189 0.0129452465670145 -4.27847070399891 2.88396092194218
62800 -4.26586791812825 0.0125649113895323 -4.27843282951779 2.88415783295336
62900 -4.26575589173806 0.0129415459102627 -4.27869743764832 2.88364220698657
63000 -4.26587718940161 0.0125245868311677 -4.27840177623278 2.88418208906945
63100 -4.26528499317039 0.0129855865458152 -4.2782705797162 2.88423191676453
63200 -4.26526053255569 0.0129384260055563 -4.27819895856124 2.88390517934017
63300 -4.26565823925052 0.0127768558940107 -4.27843509514453 2.88429622316374
63400 -4.26551534760464 0.0129913384344615 -4.2785066860391 2.88385121292512
63500 -4.26526697098495 0.0130407588575384 -4.27830772984249 2.88424702004359
63600 -4.26543758070254 0.0129415617537185 -4.27837914245626 2.88417369479405
63700 -4.26527069616185 0.013034433953257 -4.2783051301151 2.88382456673041
63800 -4.26538509252921 0.0128774770104765 -4.27826256953969 2.88474760376977
63900 -4.26562763756862 0.0130248435816759 -4.27865248115029 2.88358156291837
64000 -4.26541879313406 0.0129961562365902 -4.27841494937065 2.88407025957124
64100 -4.26563192684743 0.0128870095666606 -4.27851893641409 2.88408595925708
64200 -4.26549552877119 0.0127144815706795 -4.27821001034187 2.8839466750152
64300 -4.26517603770503 0.0130780039940394 -4.27825404169907 2.88458156233402
64400 -4.26542720779 0.0128763179752967 -4.2783035257653 2.88398383431638
64500 -4.26537247554398 0.0129156562502305 -4.27828813179421 2.88406451842451
64600 -4.26521306184623 0.0130897910410049 -4.27830285288723 2.88463372694593
64700 -4.26542159004094 0.0129770157943147 -4.27839860583526 2.88361341311812
64800 -4.26543049047351 0.0128287115997534 -4.27825920207326 2.88436823824877
64900 -4.26536471846918 0.01295475186416 -4.27831947033334 2.88415292122791
65000 -4.26539955116134 0.0129604215532003 -4.27835997271454 2.88400824213043
65100 -4.26534263681292 0.0129524758423614 -4.27829511265529 2.88473663256603
65200 -4.26532266674263 0.0130426457586745 -4.27836531250131 2.88351787018581
65300 -4.26552091646533 0.0129601741122881 -4.27848109057761 2.8842775797712
65400 -4.26539265125982 0.0130839461074823 -4.2784765973673 2.88391603933224
65500 -4.26552908906211 0.0129955800603288 -4.27852466912244 2.88380527229536
65600 -4.26565651927422 0.0128766185257643 -4.27853313779999 2.88437195258365
65700 -4.26549666680684 0.0127391390110552 -4.27823580581789 2.88357875691952
65800 -4.26553017407451 0.0127282192157594 -4.27825839329027 2.88448145268954
65900 -4.26516074282513 0.0129287696852049 -4.27808951251034 2.8843565596256
66000 -4.26549081534883 0.0128474873776709 -4.2783383027265 2.88402510009607
66100 -4.26523482272261 0.0130065716120212 -4.27824139433464 2.88458563545123
66200 -4.26542383703084 0.01317623418096 -4.2786000712118 2.88349858700398
66300 -4.26540572062582 0.0128515767592504 -4.27825729738507 2.88440904603004
66400 -4.26579185743502 0.0127196096808703 -4.27851146711589 2.88406141329874
66500 -4.26560241299367 0.0127386349287894 -4.27834104792246 2.88387769870014
66600 -4.2657098912714 0.0128918286165069 -4.27860171988791 2.88415218980602
66700 -4.2653875108529 0.0129771574356795 -4.27836466828858 2.88389221089281
66800 -4.26508245893753 0.0132492734907311 -4.27833173242826 2.88433572906965
66900 -4.26539601797154 0.0131874052083267 -4.27858342317987 2.8839414581575
67000 -4.26536551481418 0.0128292714567233 -4.2781947862709 2.88414729387415
67100 -4.26556017083403 0.0129354221133025 -4.27849559294733 2.88440133679192
67200 -4.26550203464988 0.0130824880016614 -4.27858452265154 2.8833358311973
67300 -4.26564750354816 0.0127876605589515 -4.27843516410711 2.88428373804377
67400 -4.26545424570557 0.0130270740220827 -4.27848131972765 2.88405743906171
67500 -4.26566870436808 0.0129250909927247 -4.27859379536081 2.88365359447332
67600 -4.26535147261797 0.0129413116929124 -4.27829278431088 2.88431395042128
67700 -4.26545817936509 0.0127522087176072 -4.2782103880827 2.88402981789645
67800 -4.26535763014106 0.0129602394106952 -4.27831786955176 2.88424729810134
67900 -4.26548300641434 0.0129400412118656 -4.2784230476262 2.88428405472601
68000 -4.26551427268416 0.0129695952831012 -4.27848386796726 2.88361382247202
68100 -4.26543958135721 0.0129070047724292 -4.27834658612964 2.88430989093038
68200 -4.26515365234885 0.0132250068091482 -4.278378659158 2.883987559533
68300 -4.26534373152808 0.0128755249874551 -4.27821925651554 2.88417239855273
68400 -4.26573554449954 0.0127280930752847 -4.27846363757483 2.88421718087444
68500 -4.26588762773276 0.0126823684576504 -4.27856999619041 2.88357043797693
68600 -4.26582283689455 0.0127425581560282 -4.27856539505058 2.88437128459901
68700 -4.26575517170884 0.0127345100329524 -4.27848968174179 2.88363855815452
68800 -4.26555591622187 0.012772124114682 -4.27832804033655 2.88411889881534
68900 -4.26555045937463 0.0127319108274128 -4.27828237020204 2.88439076978704
69000 -4.26567370454 0.0126733486856816 -4.27834705322568 2.88398726271081
69100 -4.26552669654386 0.012936398923796 -4.27846309546766 2.88418521898431
69200 -4.26568791048877 0.0127917069618835 -4.27847961745065 2.88368206235883
69300 -4.26548895872469 0.0127449269926773 -4.27823388571736 2.88425527903579
69400 -4.26548122002414 0.0127009935464394 -4.27818221357058 2.88445421921937
69500 -4.26540765967141 0.0130303416819816 -4.27843800135339 2.88383133857051
69600 -4.26552454617654 0.0130078725752128 -4.27853241875175 2.88420423111327
69700 -4.26545059464193 0.0128511098573281 -4.27830170449925 2.88392613975364
69800 -4.26555879710636 0.0128380168951742 -4.27839681400153 2.88427026466379
69900 -4.26548638754897 0.0128631319005257 -4.27834951944949 2.8842556297304
70000 -4.26563792677319 0.012716876203967 -4.27835480297716 2.88377377167498
70100 -4.26569353013319 0.0127114508928226 -4.27840498102601 2.8842766334617
70200 -4.26546891457568 0.013109928785935 -4.27857884336161 2.88373118564843
70300 -4.2652335327929 0.0130314399244481 -4.27826497271734 2.88438248909446
70400 -4.26532002835839 0.0128914228788688 -4.27821145123726 2.88453594653951
70500 -4.26524118952449 0.0129532673719089 -4.2781944568964 2.88386003455431
70600 -4.2652228916139 0.0129662949491132 -4.27818918656301 2.8845912110185
70700 -4.26557112773512 0.0128478036323679 -4.27841893136749 2.88392045584465
70800 -4.26544486273762 0.0129243679064899 -4.27836923064411 2.88411942266591
70900 -4.26604829459366 0.012706125249909 -4.27875441984357 2.88396178223224
71000 -4.26558885216052 0.0129272596044594 -4.27851611176498 2.88337947534324
71100 -4.26528964175901 0.0130476591603971 -4.27833730091941 2.884551924841
71200 -4.2656621083369 0.0129081125210425 -4.27857022085795 2.88370131354484
71300 -4.26567609531837 0.012842516989003 -4.27851861230738 2.88408157596822
71400 -4.26599580681338 0.012466871039518 -4.2784626778529 2.8840516606758
71500 -4.26531880542773 0.0128950913012773 -4.27821389672901 2.88382873074533
71600 -4.26560804256341 0.0127870271128866 -4.2783950696763 2.8850031607151
71700 -4.26538864151635 0.0129283002559483 -4.2783169417723 2.88362205996414
71800 -4.26561826498908 0.0127836202682315 -4.27840188525731 2.88420884220684
71900 -4.26547821337893 0.0128966878784147 -4.27837490125734 2.88405835832086
72000 -4.26525215323211 0.0131462185306589 -4.27839837176277 2.88386234047497
72100 -4.26545706131006 0.0129887248125485 -4.2784457861226 2.8844912001367
72200 -4.26534491246766 0.012984046423205 -4.27832895889087 2.88343112546443
72300 -4.26538952598859 0.013011339063948 -4.27840086505253 2.8842635391122
72400 -4.26539452122481 0.0128790431579847 -4.2782735643828 2.88422528417978
72500 -4.26541311846968 0.0131707872530904 -4.27858390572277 2.88372012374816
72600 -4.26529068349153 0.012968783231431 -4.27825946672296 2.88454564426286
72700 -4.26534668168493 0.0128335950695638 -4.27818027675449 2.88365883354065
72800 -4.26508113796493 0.0131052771372895 -4.27818641510222 2.88452339639486
72900 -4.26525984999229 0.0130652414651161 -4.2783250914574 2.88415320161277
73000 -4.26501653830925 0.0129237002833086 -4.27794023859255 2.88431563341161
73100 -4.26504077501468 0.0133085184032701 -4.27834929341795 2.88432227018213
73200 -4.26513355104819 0.0133314087863178 -4.27846495983451 2.88374715419086
73300 -4.26509488741904 0.0130771032785869 -4.27817199069763 2.88418078954113
73400 -4.26513483616876 0.0131553664712223 -4.27829020263998 2.88455943960328
73500 -4.26515542517654 0.0130698939699324 -4.27822531914647 2.88399577314254
73600 -4.26551750494013 0.0129035932053117 -4.27842109814544 2.88415398956998
73700 -4.26556237548446 0.0130298309172191 -4.27859220640168 2.88389425120525
73800 -4.26535202072097 0.013080376172393 -4.27843239689336 2.88412298261607
73900 -4.26555824671453 0.012824106171373 -4.2783823528859 2.88416442050895
74000 -4.2652067691056 0.012950567405579 -4.27815733651118 2.88418039034148
74100 -4.26541905897512 0.0130349329074951 -4.27845399188261 2.88406478388813
74200 -4.26546565967517 0.0130711944584844 -4.27853685413365 2.8839862286716
74300 -4.26560945268832 0.0129261663664189 -4.27853561905474 2.88353331858941
74400 -4.26532149413354 0.0129474082228354 -4.27826890235638 2.88469791030744
74500 -4.26516310163491 0.0129543109959576 -4.27811741263087 2.8841533060672
74600 -4.26533069060017 0.0130582103691426 -4.27838890096931 2.88416448980394
74700 -4.26554911434946 0.0127844547268664 -4.27833356907632 2.88413118168619
74800 -4.26541725475862 0.0130162174732324 -4.27843347223185 2.8837985467405
74900 -4.26542088958175 0.0131156447899651 -4.27853653437172 2.88459782137666
75000 -4.265267556795 0.0129952674837922 -4.2782628242788 2.88381520812536
75100 -4.26557639412938 0.0129331319479496 -4.27850952607733 2.88415507380169
75200 -4.26553493392312 0.0127465239966128 -4.27828145791973 2.8842083936796
75300 -4.26565535001569 0.01283900590126 -4.27849435591695 2.88388219778046
75400 -4.26546535138877 0.0129374542523291 -4.2784028056411 2.88419359935352
75500 -4.2657129532038 0.0128731510765288 -4.27858610428033 2.88375157540259
75600 -4.26581665774631 0.0128956475804574 -4.27871230532677 2.88387320669951
75700 -4.26544933585902 0.0130004685549867 -4.278449804414 2.88399651613652
75800 -4.26543290167489 0.0127465307319126 -4.2781794324068 2.88405552545107
75900 -4.26533948649154 0.0131279451002555 -4.2784674315918 2.88455050423191
76000 -4.2654650667058 0.0129234881715497 -4.27838855487735 2.88355445239391
76100 -4.26554085251777 0.0128482053775864 -4.27838905789536 2.88418056526214
76200 -4.26544930192951 0.0127978364069724 -4.27824713833648 2.88418245414508
76300 -4.26542300802069 0.0129224076444126 -4.2783454156651 2.88400383190912
76400 -4.26508627888807 0.0129750837974555 -4.27806136268553 2.88473877060252
76500 -4.26536488337471 0.0129489072339444 -4.27831379060866 2.88354925544159
76600 -4.26524700669652 0.013161185934946 -4.27840819263146 2.88433267617737
76700 -4.2654666586391 0.0131154747945471 -4.27858213343365 2.88387954023904
76800 -4.26575130540244 0.0127995518455714 -4.27855085724801 2.88374927225574
76900 -4.26524179137419 0.0131060251586934 -4.27834781653288 2.88425920546049
77000 -4.26547478441621 0.0129441159812842 -4.2784189003975 2.88392365107904
77100 -4.26551676854505 0.0129903638952116 -4.27850713244026 2.88401566474572
77200 -4.26559052482405 0.0129127703615563 -4.2785032951856 2.88397118525364
77300 -4.26551385789212 0.012838678188117 -4.27835253608024 2.88401039581984
77400 -4.26549077011226 0.0128232293585679 -4.27831399947083 2.88445319721632
77500 -4.26535817431833 0.0129743822805455 -4.27833255659888 2.88387264607966
77600 -4.26539642287177 0.0129427303356004 -4.27833915320736 2.8841728218307
77700 -4.26555776814955 0.0127711074559091 -4.27832887560546 2.88431863113887
77800 -4.26521981817845 0.0130689858833989 -4.27828880406185 2.88396418287291
77900 -4.26517205316224 0.0129762721037747 -4.27814832526601 2.8843892697614
78000 -4.26539343285405 0.0130838138525366 -4.27847724670659 2.88386786797208
78100 -4.26530716093041 0.0129823749248814 -4.27828953585529 2.88415475842396
78200 -4.26543880444341 0.0130119740432003 -4.27845077848661 2.88440366788167
78300 -4.26549234932061 0.0127876329317794 -4.27827998225239 2.88375069849095
78400 -4.26570799764637 0.012988482506131 -4.2786964801525 2.88417268013021
78500 -4.26588487368457 0.012727662141151 -4.27861253582572 2.88365006964666
78600 -4.26585168511689 0.0129453481626577 -4.27879703327955 2.88378505504186
78700 -4.26578375994575 0.0125949608697424 -4.27837872081549 2.88404822455222
78800 -4.26563699755268 0.0128191586530693 -4.27845615620575 2.88392110333894
78900 -4.2654809703261 0.0130257026827956 -4.27850667300889 2.88399878467008
79000 -4.26536230777783 0.0130559287028592 -4.27841823648069 2.88376391549781
79100 -4.26537766890731 0.012834789635909 -4.27821245854322 2.88453289696345
79200 -4.26505849038206 0.0130671130768257 -4.27812560345889 2.88434645224624
79300 -4.2653780966076 0.0129936891358975 -4.2783717857435 2.88387709194713
79400 -4.26550098238252 0.0129065328762643 -4.27840751525879 2.88418580431975
79500 -4.26540398085458 0.0131314601634854 -4.27853544101807 2.88382927074648
79600 -4.26514941628635 0.0130812887981939 -4.27823070508455 2.88421460592837
79700 -4.26536890276553 0.0130696157913669 -4.2784385185569 2.88413108369704
79800 -4.26545905676731 0.0128702454410042 -4.27832930220832 2.88381832111633
79900 -4.26517416800931 0.0130877235283787 -4.27826189153769 2.88465202401556
80000 -4.26561037302891 0.0127002867359073 -4.27831065976482 2.8839211457952
80100 -4.26590210746796 0.0127233623153999 -4.27862546978336 2.88399830261465
80200 -4.2657548955442 0.0127032566149249 -4.27845815215912 2.88417314680445
80300 -4.26557314634304 0.0127631783713566 -4.2783363247144 2.88396354945919
80400 -4.26596218849933 0.0127826823650033 -4.27874487086433 2.8839123873169
80500 -4.26538679147771 0.0128950105074347 -4.27828180198514 2.88413315515976
80600 -4.26559211063202 0.0127889730399458 -4.27838108367197 2.88410844835635
80700 -4.26550445720366 0.0128429865923218 -4.27834744379598 2.88419821364258
80800 -4.26556665565678 0.0128389804804676 -4.27840563613724 2.88390049279324
80900 -4.26544235167862 0.0129265831552187 -4.27836893483384 2.88448470603696
81000 -4.26562268834056 0.0128959323360136 -4.27851862067658 2.88350216985891
81100 -4.26530391362382 0.0128702857230918 -4.27817419934691 2.88443656069479
81200 -4.26514661889705 0.0130597616221801 -4.27820638051923 2.88430712202403
81300 -4.26532123911139 0.0129204944387864 -4.27824173355018 2.88409401635717
81400 -4.26531338844646 0.0130995312699784 -4.27841291971644 2.88422805627484
81500 -4.26539031719266 0.0128586388725774 -4.27824895606524 2.88397466834426
81600 -4.26559722447714 0.0129571904959907 -4.27855441497313 2.88410570510171
81700 -4.26550046709621 0.0130047977212971 -4.27850526481751 2.88414011878827
81800 -4.26534918417049 0.0129544020738215 -4.27830358624431 2.88386160810769
81900 -4.26565788162695 0.0129235302937249 -4.27858141192068 2.88413266677039
82000 -4.26556633065405 0.0130687812844687 -4.27863511193852 2.88371865897329
82100 -4.26555208468693 0.0128713859791588 -4.27842347066609 2.88406697041808
82200 -4.26516035118045 0.0129941417403845 -4.27815449292084 2.88432940260512
82300 -4.2654248647139 0.0129383161163324 -4.27836318083023 2.88404573283118
82400 -4.26549712159435 0.0129012944524453 -4.2783984160468 2.88423931376597
82500 -4.26577782285779 0.0130007163213757 -4.27877853917917 2.88344050411359
82600 -4.26550459272245 0.013077657358321 -4.27858225008077 2.88397730648554
82700 -4.26576723821939 0.0128499268918933 -4.27861716511129 2.88403584070773
82800 -4.26582278593925 0.0127619296560256 -4.27858471559528 2.88363109927694
82900 -4.26538468535711 0.0130845132589654 -4.27846919861607 2.88413664847661
83000 -4.26550849328929 0.0127245220333815 -4.27823301532267 2.88410631083335
83100 -4.26574717021404 0.0128007733268024 -4.27854794354084 2.88401574469322
83200 -4.26569268570093 0.0127322038822108 -4.27842488958314 2.88419624919414
83300 -4.26513860759464 0.0131431128374093 -4.27828172043205 2.88379062950843
83400 -4.26512166226159 0.0131172306112466 -4.27823889287284 2.88451504457997
83500 -4.26547162592748 0.0130321453972941 -4.27850377132478 2.88382202749727
83600 -4.26511990259999 0.0131476881278707 -4.27826759072786 2.88423755873661
83700 -4.26545600784598 0.0130047923540759 -4.27846080020006 2.88408992968177
83800 -4.26560969620558 0.0130427402762729 -4.27865243648186 2.88336214046008
83900 -4.26553353879987 0.0127794626190269 -4.27831300141889 2.88477459532149
84000 -4.26547095862019 0.0129327083965386 -4.27840366701673 2.88382755994858
84100 -4.26550872795353 0.0127169821814026 -4.27822571013493 2.88423254885353
84200 -4.26504899877093 0.0131118053703384 -4.27816080414127 2.88449923915076
84300 -4.26529838188318 0.0131247932168245 -4.2784231751 2.88381413742265
84400 -4.26541179193983 0.0129620807314952 -4.27837387267132 2.88431490764908
84500 -4.26521119516887 0.0129100080247378 -4.27812120319361 2.88420805058904
84600 -4.26538750061312 0.0130617656457294 -4.27844926625884 2.88377679666682
84700 -4.26540402299793 0.0128836648069633 -4.2782876878049 2.88476966296111
84800 -4.26527094889203 0.013120599080376 -4.27839154797241 2.88373304175781
84900 -4.26531907256775 0.0131024122037517 -4.2784214847715 2.88412756691256
85000 -4.26525393465138 0.0130250557454859 -4.27827899039687 2.88415894494411
85100 -4.26535535378441 0.013028628683394 -4.2783839824678 2.88397451068554
85200 -4.26526615182346 0.0131321153578975 -4.27839826718136 2.88472676714716
85300 -4.26541546140586 0.0130667302919093 -4.27848219169777 2.88351887353748
85400 -4.26581505858339 0.0127658985714369 -4.27858095715483 2.88412318763108
85500 -4.26543698059483 0.0129399452381433 -4.27837692583297 2.88417147204355
85600 -4.26516532938251 0.013025183412993 -4.27819051279551 2.88402231587011
85700 -4.26544323009722 0.0128476292460058 -4.27829085934322 2.88475204682454
85800 -4.26545776129989 0.0128758494610152 -4.27833361076091 2.88363290654112
85900 -4.26511753261382 0.0132193686815203 -4.27833690129534 2.8842371224903
86000 -4.2652626751013 0.0129925055043574 -4.27825518060565 2.88434990651091
86100 -4.26543514474441 0.0130838306654641 -4.27851897540988 2.88364556201135
86200 -4.26546646467919 0.0130677622836198 -4.27853422696281 2.88444381942602
86300 -4.26558563821182 0.0127097044756553 -4.27829534268748 2.88367818814487
86400 -4.26534880257674 0.0127944420923695 -4.27814324466911 2.88433205834418
86500 -4.26552552995147 0.0131107056536513 -4.27863623560512 2.88400903239151
86600 -4.26548122199128 0.0129460756886263 -4.27842729767991 2.88373967743977
86700 -4.26537880115215 0.0129365397099324 -4.27831534086208 2.88447268822636
86800 -4.26558599903771 0.0128210400200515 -4.27840703905776 2.88351286514488
86900 -4.26589881579519 0.0126960414943234 -4.27859485728952 2.88397313277419
87000 -4.26553075218664 0.0128215533199763 -4.27835230550662 2.88423124298899
87100 -4.26554481769891 0.0129495436660362 -4.27849436136494 2.88369230386651
87200 -4.26568447450134 0.0127278741190379 -4.27841234862038 2.88439980933076
87300 -4.26501584680307 0.0130303488645286 -4.2780461956676 2.88397549882832
87400 -4.26540354135486 0.0128857264963138 -4.27828926785117 2.88412868221559
87500 -4.26500160441278 0.0131862766098072 -4.27818788102258 2.88451929025797
87600 -4.26547784670962 0.0129204377949024 -4.27839828450452 2.88382576400184
87700 -4.26541910937749 0.0128967195520675 -4.27831582892956 2.88444050949741
87800 -4.26534218318926 0.0129753361583658 -4.27831751934763 2.88405675422237
87900 -4.26535550701555 0.0130641990701262 -4.27841970608568 2.8836040909109
88000 -4.26565794977744 0.0128108102826911 -4.27846876006013 2.88444804299119
88100 -4.26571037689283 0.0129225824357958 -4.27863295932862 2.88359322591321
88200 -4.26545997387975 0.0128999997670195 -4.27835997364677 2.88414133452998
88300 -4.26521827022173 0.0130394766814884 -4.27825774690322 2.88418653450574
88400 -4.26520156595389 0.0131367583572154 -4.27833832431111 2.8838058303301
88500 -4.26529070733492 0.0128932561018283 -4.27818396343674 2.88488887291889
88600 -4.26527728796147 0.0130062541353358 -4.27828354209681 2.8838032399556
88700 -4.26545399568424 0.0130927510043752 -4.27854674668861 2.88406714843127
88800 -4.26547380694687 0.013115232432172 -4.27858903937905 2.88403072889181
88900 -4.26531907829845 0.0130992620379576 -4.27841834033641 2.88378176925754
89000 -4.26560580102859 0.0127808014342162 -4.27838660246281 2.88424668503289
89100 -4.26569966950855 0.0126605874952212 -4.27836025700377 2.88390656559701
89200 -4.26560113928706 0.012576451460585 -4.27817759074765 2.88442974220691
89300 -4.26561697159951 0.0127536272232495 -4.27837059882276 2.88420956256878
89400 -4.26580684898474 0.0126338846690171 -4.27844073365376 2.88373591262511
89500 -4.26547789757608 0.0127687517591518 -4.27824664933523 2.88437119520777
89600 -4.26583689343061 0.0126533880993271 -4.27849028152994 2.88379405069245
89700 -4.26586506183696 0.0126078826018836 -4.27847294443885 2.88409528590255
89800 -4.26571701235467 0.0126103728397573 -4.27832738519442 2.88409172036009
89900 -4.26576828843743 0.0128641315418265 -4.27863241997926 2.88355358694717
90000 -4.26563304685919 0.0126862426191788 -4.27831928947837 2.88453218495179
90100 -4.26558689811831 0.0129241162260358 -4.27851101434435 2.88377202919821
90200 -4.26548125164412 0.0131375218324581 -4.27861877347658 2.8839467271166
90300 -4.26548686646091 0.0130630682094121 -4.27854993467032 2.88388897829861
90400 -4.26567617879329 0.0129036777097067 -4.278579856503 2.88392605183395
90500 -4.26543951954192 0.0128776584990723 -4.278317178041 2.88425040448824
90600 -4.26540272067332 0.0129415352734376 -4.27834425594676 2.88400029886391
90700 -4.26547118538083 0.0127922444473976 -4.27826342982823 2.88435667933028
90800 -4.2652318657588 0.0129318830195552 -4.27816374877836 2.88399532010321
90900 -4.26554973345716 0.0129166187012405 -4.2784663521584 2.88398797344863
91000 -4.26555597185066 0.0128878111238537 -4.27844378297451 2.8843277535841
91100 -4.26557799975273 0.0129599635257615 -4.27853796327849 2.88383333572528
91200 -4.26529465006079 0.0129597636998129 -4.2782544137606 2.88427331544786
91300 -4.26552188640112 0.0130393365750038 -4.27856122297612 2.88388320412413
91400 -4.26533012041429 0.0130033113839671 -4.27833343179826 2.88399036318331
91500 -4.26542364786 0.0129209561020589 -4.27834460396206 2.88438311958087
91600 -4.26553529049648 0.0129304972046237 -4.2784657877011 2.88352529464142
91700 -4.26560853059816 0.0128353625852802 -4.27844389318344 2.88440020337591
91800 -4.26564080984237 0.0129153202628424 -4.27855613010521 2.88384223111559
91900 -4.26578529392782 0.0128115481033185 -4.27859684203114 2.88387304504753
92000 -4.2656149678699 0.0129262147216332 -4.27854118259153 2.88407722017371
92100 -4.26544524584818 0.0128624044914976 -4.27830765033968 2.8840040877045
92200 -4.26552642293647 0.0129597308090405 -4.27848615374551 2.88438315503613
92300 -4.26542671327146 0.0129143384430177 -4.27834105171448 2.88404049946297
92400 -4.26537604323889 0.0129958141722747 -4.27837185741116 2.88395607405368
92500 -4.26517953536742 0.0128837543917306 -4.27806328975915 2.88461862090978
92600 -4.26555295218036 0.012937491205977 -4.27849044338633 2.88376315379218
92700 -4.26529328732136 0.0129355634343816 -4.27822885075574 2.88431687277422
92800 -4.26561818972082 0.0129296186035127 -4.27854780832434 2.88389084178115
92900 -4.26597031750723 0.0126155038924767 -4.27858582139971 2.88383185656421
93000 -4.26590012070288 0.0126097402060105 -4.27850986090889 2.88399599170993
93100 -4.26555534847312 0.0128902511934826 -4.2784455996666 2.88398367689769
93200 -4.2655216525512 0.0128994676528928 -4.2784211202041 2.88408717119016
93300 -4.26546060701782 0.0127678850089214 -4.27822849202674 2.8844238326264
93400 -4.26524298777544 0.0128956592992555 -4.27813864707469 2.88376048065634
93500 -4.26546557480886 0.0129297163502245 -4.27839529115908 2.88451841178853
93600 -4.26543238667064 0.0129915092531275 -4.27842389592377 2.88397030662007
93700 -4.26527814127328 0.0132287767597158 -4.27850691803299 2.88395593059573
93800 -4.26524174683285 0.0130118517647129 -4.27825359859756 2.88442721067526
93900 -4.2654255897219 0.0128882431269919 -4.27831383284889 2.88383770782314
94000 -4.26561511123365 0.0126605318790213 -4.27827564311267 2.88453540705058
94100 -4.26572404329122 0.0127544489173642 -4.27847849220859 2.88386178611637
94200 -4.26550564698179 0.0128653270955697 -4.27837097407736 2.8839209478325
94300 -4.26540203521289 0.0129689717812968 -4.27837100699419 2.88432230485738
94400 -4.26513755917873 0.013128103892203 -4.27826566307093 2.88412713358433
94500 -4.26498911924291 0.0131313583643484 -4.27812047760725 2.88438555857951
94600 -4.26486095245006 0.0131093436161017 -4.27797029606616 2.8845497714782
94700 -4.26540395440653 0.0131022431638059 -4.27850619757034 2.88392170097574
94800 -4.26536573317961 0.0131412762451043 -4.27850700942471 2.88410365948278
94900 -4.26539142684961 0.0129147866619262 -4.27830621351154 2.88409867248352
95000 -4.26520768146944 0.0130608161175624 -4.278268497587 2.88415762838612
95100 -4.26542702855246 0.0131728512471585 -4.27859987979962 2.88420724701261
95200 -4.26542424208314 0.0127530754736642 -4.27817731755681 2.8837487775092
95300 -4.26545347085145 0.0128888820592636 -4.27834235291071 2.88450023902287
95400 -4.26557357316931 0.0128367707605032 -4.27841034392981 2.88396305515044
95500 -4.26531335059055 0.0129636984588252 -4.27827704904937 2.88423983383427
95600 -4.26550452143706 0.0129315785630922 -4.27843610000015 2.88417305560318
95700 -4.26517739193596 0.0129953855856672 -4.27817277752163 2.88394246419913
95800 -4.26540842117432 0.0128577505165965 -4.27826617169092 2.88464153392274
95900 -4.26529524683484 0.0129500467450667 -4.27824529357991 2.88404068472468
96000 -4.26545988706912 0.0130399428928895 -4.278499829962 2.8839337438233
96100 -4.26540848501983 0.0129483048121404 -4.27835678983197 2.88426781498776
96200 -4.26549727400526 0.0128775367196635 -4.27837481072492 2.88394498953873
96300 -4.26559189550293 0.0127257727136679 -4.2783176682166 2.88431122244026
96400 -4.26523265929887 0.012939193296594 -4.27817185259546 2.88422809765745
96500 -4.26504260124331 0.0131426845617183 -4.27818528580503 2.88406602429289
96600 -4.26487166769006 0.0132267462383263 -4.27809841392839 2.88479677423803
96700 -4.26544292477901 0.0128980514921111 -4.27834097627112 2.88394084749383
96800 -4.26540044609674 0.012896062666543 -4.27829650876328 2.8842387317437
96900 -4.26566962630488 0.0126764831954479 -4.27834610950033 2.8840816763867
97000 -4.26552513397629 0.0129427956089421 -4.27846792958524 2.88402802067757
97100 -4.26536518265064 0.0130207139840441 -4.27838589663469 2.88425009444245
97200 -4.26570254045022 0.0126311462548143 -4.27833368670504 2.88386363701147
97300 -4.26553042031624 0.012967912962338 -4.27849833327858 2.88434357953498
97400 -4.26548332796793 0.0129475258679414 -4.27843085383587 2.88385753184368
97500 -4.26542972294485 0.0129599599024008 -4.27838968284725 2.8839455343744
97600 -4.26547071033705 0.0131194425528842 -4.27859015288993 2.88425975701558
97700 -4.26583009323314 0.0127867876572579 -4.27861688089039 2.88365370305788
97800 -4.26558110235512 0.0129221049424458 -4.27850320729757 2.88414385068376
97900 -4.26570039153752 0.0128924539260073 -4.27859284546353 2.88379723412333
98000 -4.26567318763866 0.012796198639446 -4.27846938627811 2.88410281316061
98100 -4.26549930589703 0.0128626038938679 -4.2783619097909 2.88439721984132
98200 -4.26524216184277 0.0128911790645588 -4.27813334090733 2.88382491737439
98300 -4.26536066869652 0.0131445779124767 -4.27850524660899 2.88423092918385
98400 -4.26521706416938 0.0129728405401545 -4.27818990470953 2.88419793863179
98500 -4.26515406924867 0.0131916263568346 -4.2783456956055 2.8841079597655
98600 -4.26567327908118 0.012697452784653 -4.27837073186583 2.88458033727091
98700 -4.26560966097921 0.0128673708460847 -4.2784770318253 2.88348530919905
98800 -4.26573638736173 0.0127956367466205 -4.27853202410835 2.88416921951448
98900 -4.26536297511883 0.0131152725013189 -4.27847824762015 2.8838495969853
99000 -4.26544695699028 0.0129161486399379 -4.27836310563021 2.88408896829952
99100 -4.26542850496815 0.0130198013500346 -4.27844830631818 2.88424956400844
99200 -4.26541335246848 0.0131755208456962 -4.27858887331417 2.88323364929157
99300 -4.26544509163429 0.0130136798082882 -4.27845877144258 2.88437749128395
99400 -4.2651309095314 0.0131874178020714 -4.27831832733347 2.88406373471871
99500 -4.26513130080156 0.0131571764272504 -4.27828847722881 2.8840732758617
99600 -4.26528802933408 0.0129778473826801 -4.27826587671676 2.88453862891987
99700 -4.26537327482529 0.0131021615558973 -4.27847543638119 2.88324543491082
99800 -4.26565552315055 0.0128718830156475 -4.2785274061662 2.88448946341495
99900 -4.26556113087998 0.0127584918123827 -4.27831962269236 2.88399737132568
100000 -4.26541429360809 0.0130567276444428 -4.27847102125253 2.88383907065437
