step E [eV/atom] ke [eV/atom] pe [eV/atom] latparam
100 -4.25227412295348 0.0195369155877855 -4.27181103854127 2.88984610710566
200 -4.24414100712351 0.0234045545596145 -4.26754556168313 2.89324123375889
300 -4.24083200965267 0.0252857406262052 -4.26611775027887 2.89434178765486
400 -4.23980757739985 0.0258560557870802 -4.26566363318693 2.89464818392993
500 -4.24000721004698 0.0258720054422868 -4.26587921548927 2.8943371219434
600 -4.2402544035763 0.0254341127422079 -4.26568851631851 2.89459793707588
700 -4.24012883785531 0.0256179193459486 -4.26574675720125 2.89463815475186
800 -4.23980443950723 0.0256307929993603 -4.26543523250659 2.89498669243266
900 -4.23998492326616 0.0252309665180206 -4.26521588978418 2.89501543036288
1000 -4.23977341936792 0.0258845705504157 -4.26565798991834 2.89377236345215
1100 -4.24005070522808 0.0252254985043499 -4.26527620373243 2.89419714233966
1200 -4.23985938937636 0.0259536670379487 -4.26581305641431 2.89468543733398
1300 -4.24008884400759 0.0257241888119722 -4.26581303281956 2.89454171828706
1400 -4.2396548586907 0.0256723004027677 -4.26532715909346 2.89491762712016
1500 -4.23970178819998 0.0255455196293278 -4.2652473078293 2.89475916404206
1600 -4.2395422304702 0.025731158140696 -4.26527338861089 2.89483217840269
1700 -4.23875097530797 0.0260665172922049 -4.26481749260018 2.89544471461523
1800 -4.2396552114939 0.0256448056913611 -4.26530001718526 2.89595684438359
1900 -4.23922059862704 0.0260800381019369 -4.26530063672897 2.89505117949289
2000 -4.23935369797702 0.0261854705226176 -4.26553916849964 2.8944845716704
2100 -4.23963224337007 0.025906175259826 -4.26553841862989 2.89458244210425
2200 -4.23944674932921 0.0258789711311081 -4.26532572046032 2.89485741526782
2300 -4.23977418401408 0.0258185472165596 -4.26559273123064 2.89489605764263
2400 -4.23980329177151 0.0260351477769524 -4.26583843954846 2.89483224269525
2500 -4.24023821024056 0.0256055429780811 -4.26584375321864 2.89401260780704
2600 -4.24026996142972 0.0250466968054181 -4.26531665823514 2.8939252599447
2700 -4.24022987610819 0.0255402570819176 -4.26577013319011 2.8944576326887
2800 -4.24023894417542 0.0252148611415005 -4.26545380531692 2.89493108117529
2900 -4.23945050744736 0.026062221090554 -4.26551272853792 2.89484711878742
3000 -4.23956923690264 0.0257294551808713 -4.26529869208352 2.89477376919235
3100 -4.23927708499448 0.0258210373746477 -4.26509812236912 2.89464599179979
3200 -4.23911777641982 0.0258215032802481 -4.26493927970007 2.89482861805692
3300 -4.23918229157039 0.0259773318996041 -4.26515962347 2.89549100270347
3400 -4.2394690408883 0.026270117739449 -4.26573915862774 2.89480803025092
3500 -4.23941430992147 0.0258937575000547 -4.26530806742152 2.89483740277049
3600 -4.23917080336969 0.0262698254401298 -4.26544062880983 2.89452133018604
3700 -4.23891817561998 0.026292754086879 -4.26521092970685 2.89470739161874
3800 -4.23895235795436 0.0261166718716241 -4.26506902982599 2.8950516472339
3900 -4.23919672881461 0.0262794848601985 -4.26547621367481 2.89564202031257
4000 -4.23960154897346 0.0259281979410542 -4.26552974691451 2.89519495748308
4100 -4.2395217432753 0.0257238021562218 -4.26524554543153 2.89472961820929
4200 -4.23945833220607 0.0258994203818075 -4.26535775258788 2.89464349596714
4300 -4.23909266111407 0.026056672726418 -4.26514933384049 2.89505171086803
4400 -4.2387873968139 0.0261370642764647 -4.26492446109036 2.89532018297709
4500 -4.23946013735728 0.0257904319462007 -4.26525056930348 2.89556374525966
4600 -4.23952738370849 0.0262813635572267 -4.26580874726572 2.89472536378086
4700 -4.23912494926328 0.0261003095832527 -4.26522525884654 2.89455321586273
4800 -4.239790278941 0.0259712640674578 -4.26576154300846 2.89431928550212
4900 -4.23900693924651 0.025987458146821 -4.26499439739333 2.89510534280243
5000 -4.23927282592469 0.0258898718555983 -4.26516269778029 2.89506486446954
5100 -4.23974097724453 0.0259383031778878 -4.26567928042242 2.89492376195533
5200 -4.23939442750821 0.0261733586718577 -4.26556778618006 2.8946106395735
5300 -4.24019829187754 0.0252982848002643 -4.26549657667781 2.89400081111173
5400 -4.23984667120104 0.025827955964959 -4.265674627166 2.89432903992792
5500 -4.23925758730287 0.0258802219225363 -4.26513780922541 2.89505738993495
5600 -4.23877207149704 0.0260559569380706 -4.26482802843511 2.89546776472912
5700 -4.23942060191407 0.0257349053920944 -4.26515550730617 2.89509161681156
5800 -4.23993285842064 0.0255555927859056 -4.26548845120655 2.89463176830697
5900 -4.23975981996499 0.0255511396079274 -4.26531095957292 2.89412155631563
6000 -4.23946310001451 0.0257643403776301 -4.26522744039214 2.89447844480226
6100 -4.24006282880226 0.025689563868763 -4.26575239267102 2.89472255577217
6200 -4.23929350909366 0.0257465969756854 -4.26504010606935 2.89516484535457
6300 -4.23955848838506 0.0257361910294489 -4.26529467941451 2.89486311723379
6400 -4.23960533857405 0.0260285011941993 -4.26563383976825 2.8945438150232
6500 -4.24000025664081 0.0257011468738183 -4.26570140351463 2.89411640082919
6600 -4.23935642354446 0.0261613753583485 -4.26551779890281 2.89483089095757
6700 -4.2397905206971 0.0254366564491329 -4.26522717714624 2.89558618060326
6800 -4.23921276363504 0.0261142473166549 -4.2653270109517 2.89518463805215
6900 -4.23920678047473 0.026061659295764 -4.2652684397705 2.89473668063158
7000 -4.23945035544374 0.0258022449180752 -4.26525260036182 2.89483412066404
7100 -4.23992849980331 0.0256318560049679 -4.26556035580828 2.89457573012231
7200 -4.23952181437847 0.0255097955842205 -4.2650316099627 2.89535924696456
7300 -4.23973383623574 0.0261241889015087 -4.26585802513725 2.89519660525962
7400 -4.24019114655922 0.0254064125913333 -4.26559755915055 2.89448718227129
7500 -4.24019519128643 0.0253138778992615 -4.26550906918569 2.89429049267301
7600 -4.2395893428638 0.0257960360461863 -4.26538537890998 2.89469627312607
7700 -4.23939724323878 0.0258944922497994 -4.26529173548858 2.8948927660553
7800 -4.23909442142796 0.0260452716381956 -4.26513969306616 2.89511853190786
7900 -4.2397277499605 0.0254072668554831 -4.26513501681598 2.89534029437847
8000 -4.23946649523019 0.026113929526483 -4.26558042475667 2.89473467978653
8100 -4.24039084522504 0.0254217358549811 -4.26581258108002 2.89364032954806
8200 -4.23902999332292 0.0260456984612743 -4.2650756917842 2.8946830432166
8300 -4.23966305057725 0.0254539171346453 -4.26511696771189 2.89504559152338
8400 -4.24018639252516 0.0251607968941134 -4.26534718941928 2.89496139705522
8500 -4.23930284758718 0.0263042022428446 -4.26560704983003 2.89477870710011
8600 -4.23978916775899 0.0257442433715135 -4.26553341113051 2.89438846685555
8700 -4.24022446592457 0.0258734946548621 -4.26609796057943 2.89374736400684
8800 -4.2401948388167 0.0257206215114331 -4.26591546032813 2.89458881611895
8900 -4.23957250895678 0.0256528294140003 -4.26522533837078 2.8953229215952
9000 -4.23979466107587 0.025943344854402 -4.26573800593027 2.89463597132823
9100 -4.23917539503671 0.0260481063263767 -4.26522350136309 2.89484675435414
9200 -4.23969760576372 0.0260291473553036 -4.26572675311902 2.89429014655719
9300 -4.23990428986615 0.025449725901742 -4.2653540157679 2.89476245773992
9400 -4.23929276067346 0.0259107874955558 -4.26520354816902 2.89567861548954
9500 -4.23928195875691 0.025829501885854 -4.26511146064276 2.89544117103962
9600 -4.23942335871832 0.0258275588859698 -4.26525091760429 2.89482962305905
9700 -4.23934721727056 0.0261342581141125 -4.26548147538467 2.89454507929904
9800 -4.23964034521596 0.0257850046335621 -4.26542534984952 2.8946680969343
9900 -4.23924119852652 0.0260900795182384 -4.26533127804476 2.89508031261843
10000 -4.23988023991121 0.0258273552668083 -4.26570759517802 2.89524358219259
10100 -4.23972997483754 0.0254734722520435 -4.26520344708958 2.89521219123984
10200 -4.23938080933143 0.025904434531952 -4.26528524386338 2.89464073898623
10300 -4.23905177800875 0.0261455608234312 -4.26519733883218 2.8947153700445
10400 -4.2396406251823 0.0259282965982804 -4.26556892178058 2.89464720509049
10500 -4.2394736596667 0.0260967271865659 -4.26557038685326 2.89468201039979
10600 -4.23949134718577 0.0257451155150372 -4.26523646270081 2.89492050177435
10700 -4.23909469547043 0.0263007027150141 -4.26539539818545 2.8949077751312
10800 -4.23901840368395 0.0261903288934036 -4.26520873257735 2.89520353833965
10900 -4.23931188819013 0.0260598578095396 -4.26537174599967 2.89487587005842
11000 -4.23893068581011 0.026308586705541 -4.26523927251565 2.89463020297068
11100 -4.23886961091714 0.026211099030059 -4.2650807099472 2.89428472673145
11200 -4.23993782701041 0.0261932084292812 -4.26613103543969 2.8942209950641
11300 -4.23959466021997 0.0257040989003411 -4.26529875912031 2.89506118031605
11400 -4.23982424717017 0.0260441922917487 -4.26586843946192 2.89466510856166
11500 -4.23946574713535 0.0260600928439162 -4.26552583997927 2.89463216948754
11600 -4.23925966219541 0.0258676135757777 -4.26512727577119 2.89448485540817
11700 -4.23876403583155 0.0258686593224479 -4.26463269515399 2.89496472925588
11800 -4.24011345553516 0.0257246382199574 -4.26583809375512 2.8948204629737
11900 -4.24008948934672 0.0255226664653461 -4.26561215581206 2.8950205727947
12000 -4.23986657721032 0.0254239899270745 -4.26529056713739 2.89499858893881
12100 -4.23926626489238 0.0263828326127207 -4.2656490975051 2.89451642696658
12200 -4.23920632948255 0.0257489776977681 -4.26495530718031 2.89501991754386
12300 -4.23927997907032 0.0259465931789031 -4.26522657224922 2.89498103111901
12400 -4.2395433657604 0.0255919569688276 -4.26513532272923 2.89516220198437
12500 -4.2401563468945 0.0255587430558543 -4.26571508995036 2.89491369590357
12600 -4.24003644690371 0.0258767388606789 -4.26591318576439 2.89437788007695
12700 -4.24006942541028 0.0258396133285381 -4.26590903873882 2.89392659618917
12800 -4.2397264512988 0.0260064184726115 -4.26573286977141 2.89409280766776
12900 -4.23994611827372 0.0256859509602744 -4.26563206923399 2.89484334806274
13000 -4.23916191340679 0.0261780052643692 -4.26533991867116 2.89523532002354
13100 -4.23884674072447 0.0262222738100597 -4.26506901453453 2.8951104430076
13200 -4.23866597861528 0.0259875151881332 -4.26465349380342 2.89511250162662
13300 -4.2395862456658 0.0255834899681693 -4.26516973563396 2.89459870250194
13400 -4.23947147457752 0.0256711843123475 -4.26514265888987 2.89479218205248
13500 -4.23959424308821 0.0259634934486761 -4.26555773653689 2.89523704699137
13600 -4.23918229091991 0.025843501634135 -4.26502579255404 2.89545361714993
13700 -4.23928904621053 0.0257606901741324 -4.26504973638466 2.89494374800342
13800 -4.2394739921292 0.0259874627577341 -4.26546145488694 2.89464023708603
13900 -4.23967823798335 0.0260016568950081 -4.26567989487835 2.89461378067533
14000 -4.23917368545277 0.0262640520903674 -4.26543773754314 2.89475319239396
14100 -4.2388932328057 0.0262857134665105 -4.26517894627221 2.89491732508093
14200 -4.23945115578847 0.0258839769598797 -4.26533513274835 2.89485377869737
14300 -4.23922840633018 0.0262191056432357 -4.26544751197341 2.89476915876367
14400 -4.23906986686416 0.0259015612993773 -4.26497142816354 2.89484072938721
14500 -4.23905194936979 0.0260678422984562 -4.26511979166825 2.89457658892734
14600 -4.23962784194973 0.0256909346229761 -4.2653187765727 2.89488160891417
14700 -4.2398157532598 0.0256563353068593 -4.26547208856666 2.89542858345031
14800 -4.23990673916206 0.0254635984559285 -4.26537033761799 2.89489073295634
14900 -4.24024404227485 0.0251764944748283 -4.26542053674968 2.89468624319067
15000 -4.24017285083223 0.0250820854995904 -4.26525493633182 2.89475343750685
15100 -4.24053476328847 0.0254378640189174 -4.26597262730739 2.89435811943226
15200 -4.23948843732773 0.0259981069692219 -4.26548654429695 2.89523476591473
15300 -4.23950454003749 0.0260660637141861 -4.26557060375168 2.89517321183634
15400 -4.23955073668622 0.0256881390388485 -4.26523887572507 2.89481422177675
15500 -4.23921739006152 0.0258741176462486 -4.26509150770777 2.8946786494497
15600 -4.24021843990896 0.0252489801824822 -4.26546742009145 2.89466938022312
15700 -4.23966659409772 0.0259090689610819 -4.2655756630588 2.89472068821355
15800 -4.23906558521317 0.0260396392729293 -4.2651052244861 2.89504033269645
15900 -4.23868573856253 0.0262066428618247 -4.26489238142435 2.89515631339227
16000 -4.23987388899423 0.0257314459478848 -4.26560533494211 2.89430737022551
16100 -4.23977330365246 0.025348406937074 -4.26512171058954 2.89480142426331
16200 -4.23943531853261 0.02574298948929 -4.2651783080219 2.89507656089355
16300 -4.24019432134172 0.0253303116952093 -4.26552463303693 2.89536722335518
16400 -4.23983665424672 0.0256333307954055 -4.26546998504213 2.89498056935182
16500 -4.23943858328112 0.0260619443593229 -4.26550052764044 2.89469861578785
16600 -4.23975903338843 0.0256295887278192 -4.26538862211625 2.89464875426393
16700 -4.2398475779402 0.0252747351964807 -4.26512231313668 2.89507319616518
16800 -4.23927387191593 0.0257094972619973 -4.26498336917792 2.89561509679532
16900 -4.2393495007031 0.0262139672528554 -4.26556346795595 2.89493975610932
17000 -4.23931688958581 0.0259440627089668 -4.26526095229478 2.89450357538608
17100 -4.23965507830173 0.0259313072791209 -4.26558638558086 2.8942892837839
17200 -4.23890236642665 0.0264605100176814 -4.26536287644433 2.89491208372342
17300 -4.23944545987985 0.0260321360924103 -4.26547759597226 2.89484711416585
17400 -4.23921346776046 0.0257462796018236 -4.26495974736228 2.89516777427065
17500 -4.23877981141163 0.0259997783499892 -4.26477958976162 2.89511631966029
17600 -4.23930966000537 0.0258076716153725 -4.26511733162074 2.89437708714489
17700 -4.2395984134537 0.02621823305374 -4.26581664650744 2.89428687240226
17800 -4.23965831620427 0.0255966942682895 -4.26525501047256 2.89535575904006
17900 -4.23952679714466 0.0259277393658001 -4.26545453651046 2.89497471569116
18000 -4.23969285223575 0.0261640719651505 -4.2658569242009 2.8944046635042
18100 -4.2395563869605 0.0256665441825422 -4.26522293114304 2.89480305261401
18200 -4.24004902437354 0.0258499805202099 -4.26589900489375 2.89433085183674
18300 -4.2401267715808 0.0251737883176031 -4.2653005598984 2.89487588680833
18400 -4.2401514434316 0.02541679515658 -4.26556823858818 2.89502824735459
18500 -4.23997682546354 0.0255085272120412 -4.26548535267558 2.8949317361359
18600 -4.23978597121011 0.0254175602163896 -4.2652035314265 2.89438201794952
18700 -4.23924735688884 0.0261292247729681 -4.2653765816618 2.894476082525
18800 -4.23995701061613 0.0256270294085795 -4.2655840400247 2.89473717716061
18900 -4.24010873706382 0.0256544597622956 -4.26576319682612 2.8946237549146
19000 -4.23964539267127 0.0256389348326821 -4.26528432750395 2.89489607863403
19100 -4.23959805554952 0.0258568958985841 -4.2654549514481 2.89466067864719
19200 -4.23994504862411 0.0254015114850652 -4.26534656010917 2.89475590389283
19300 -4.2398377933773 0.0256956117797895 -4.26553340515709 2.89449201333828
19400 -4.23865234408157 0.0267816940015342 -4.26543403808311 2.89505250801967
19500 -4.23899453363794 0.0264629257889747 -4.26545745942691 2.89534346795123
19600 -4.23884451684499 0.0260295197304442 -4.26487403657544 2.8954483387895
19700 -4.23935019471157 0.0261952827110958 -4.26554547742266 2.89443990046563
19800 -4.23976348636893 0.025796914012512 -4.26556040038144 2.89432439256209
19900 -4.2395575851455 0.0260488449601663 -4.26560643010567 2.89460878978852
20000 -4.23955590559853 0.0259831331784875 -4.26553903877702 2.89496356110074
20100 -4.23957174591128 0.0256543255680588 -4.26522607147934 2.89549981990771
20200 -4.23961555315336 0.0261256670429202 -4.26574122019628 2.89456242990067
20300 -4.23934974055713 0.0259361666780075 -4.26528590723513 2.89431530770213
20400 -4.23985635787079 0.0258617981029677 -4.26571815597376 2.89443376159347
20500 -4.23944605179893 0.0259391387116563 -4.26538519051058 2.8949201353394
20600 -4.2396127192158 0.0257917427665395 -4.26540446198234 2.89483055447527
20700 -4.24009490526214 0.025357534419056 -4.2654524396812 2.89477716583737
20800 -4.23957100123396 0.0258789594181711 -4.26544996065213 2.8947069293578
20900 -4.23933520143759 0.0263199344517235 -4.26565513588932 2.89444023465911
21000 -4.23911046018482 0.0260876383090543 -4.26519809849387 2.89483886331055
21100 -4.23976823182649 0.0259577609563829 -4.26572599278288 2.89482885196042
21200 -4.23971302765314 0.0259474899517414 -4.26566051760488 2.89528699513705
21300 -4.24013652791955 0.0258175408202542 -4.2659540687398 2.89460720342983
21400 -4.24031455028436 0.0251492245972107 -4.26546377488157 2.89414529958786
21500 -4.24051629022843 0.0256480450126513 -4.26616433524108 2.89401518675492
21600 -4.23956622125149 0.0258538314559488 -4.26542005270744 2.89496557036015
21700 -4.23978923039737 0.0255268449432456 -4.26531607534061 2.89511697174959
21800 -4.23998557220911 0.025566891997077 -4.26555246420619 2.89478031314971
21900 -4.23986185728025 0.0257324317623086 -4.26559428904256 2.89383756606855
22000 -4.24001802111143 0.025395546219686 -4.26541356733112 2.89447492932437
22100 -4.24003162054659 0.0256878184354053 -4.26571943898199 2.89468676670642
22200 -4.23959854476121 0.025910893547986 -4.26550943830919 2.8951485459278
22300 -4.23957343222905 0.0256608112760363 -4.26523424350508 2.89504116755476
22400 -4.23936737023889 0.0256968436860615 -4.26506421392495 2.89455528619848
22500 -4.23914517098448 0.0260858136760585 -4.26523098466054 2.89401005758468
22600 -4.23999306122645 0.0257148819438539 -4.2657079431703 2.89479214947054
22700 -4.23940602480211 0.026065958331629 -4.26547198313373 2.89512389889912
22800 -4.23900919794811 0.0264427405523997 -4.2654519385005 2.89495877223067
22900 -4.23941311037082 0.0257420563494751 -4.26515516672029 2.89481282734029
23000 -4.23966532258109 0.0256090276423296 -4.26527435022342 2.89438227540532
23100 -4.23951494710622 0.0257753435958478 -4.26529029070207 2.89476837985454
23200 -4.23913396357157 0.02594436706626 -4.26507833063783 2.89546579267172
23300 -4.23993476232848 0.0259835779958367 -4.26591834032432 2.89485091752383
23400 -4.23968270670741 0.0258644282072037 -4.26554713491462 2.89472141945426
23500 -4.23950478840024 0.025778178909873 -4.26528296731012 2.89448687320362
23600 -4.24021967136007 0.0255788358282132 -4.26579850718828 2.89407297021633
23700 -4.23924974117152 0.0261038465609773 -4.2653535877325 2.89527482050115
23800 -4.2391330768642 0.0257454411774101 -4.26487851804161 2.8955423085499
23900 -4.23851874785877 0.0263103017414413 -4.26482904960021 2.89530507064092
24000 -4.23900907255538 0.0265866757797751 -4.26559574833515 2.89446697358021
24100 -4.23977196469108 0.0253966861179516 -4.26516865080903 2.89453364888501
24200 -4.2398740347486 0.0253477560208985 -4.2652217907695 2.89486158745071
24300 -4.23987084136102 0.0257811691780402 -4.26565201053906 2.89514388339935
24400 -4.2398787134045 0.0252450391331838 -4.26512375253768 2.89529566820978
24500 -4.24003883005549 0.0255983369884252 -4.26563716704391 2.89442010956012
24600 -4.24004509131634 0.0253824240654902 -4.26542751538183 2.89462000873498
24700 -4.23981609854501 0.0257002011413533 -4.26551629968636 2.8946592403708
24800 -4.24003235036355 0.0255125931463814 -4.26554494350993 2.89488424724404
24900 -4.23949968840151 0.0260538450161975 -4.26555353341771 2.89478420805503
25000 -4.23855633182189 0.0262109502569057 -4.26476728207879 2.89507052468973
25100 -4.23932065746855 0.0261012237688011 -4.26542188123735 2.89418018613168
25200 -4.2394130147587 0.0260336474209856 -4.26544666217969 2.89438459420577
25300 -4.23940271720822 0.0256576576606494 -4.26506037486887 2.8953513356026
25400 -4.23899204046049 0.026224400473957 -4.26521644093444 2.89507503914913
25500 -4.2393514878433 0.0262937277828992 -4.2656452156262 2.89452385715686
25600 -4.23908636761639 0.0260364581739984 -4.26512282579039 2.89484639439619
25700 -4.23911876043928 0.0261156555940642 -4.26523441603334 2.89462443496319
25800 -4.23942677370483 0.0263273388221439 -4.26575411252698 2.89464212347052
25900 -4.23948025783535 0.0257289026293211 -4.26520916046467 2.89547224392003
26000 -4.23947413544007 0.0257486370205629 -4.26522277246063 2.89515380360693
26100 -4.24032227536672 0.0251650879171407 -4.26548736328386 2.89454228291445
26200 -4.23956714273078 0.0256839937174592 -4.26525113644824 2.89449238761142
26300 -4.2392390538476 0.0259615747637251 -4.26520062861132 2.89486649407817
26400 -4.23969440923815 0.025702863028795 -4.26539727226695 2.89528626979682
26500 -4.23963088046017 0.0256158522440553 -4.26524673270423 2.89562047744079
26600 -4.23962693981776 0.0256740603965551 -4.26530100021432 2.89478197451621
26700 -4.23939007072543 0.0261616413550098 -4.26555171208044 2.89445583054876
26800 -4.23935944124016 0.0257278683853538 -4.26508730962552 2.89484366801511
26900 -4.23989586507119 0.0255624084389971 -4.26545827351018 2.89488687983463
27000 -4.23956240737482 0.02615083757541 -4.26571324495024 2.89531189958704
27100 -4.24016594104037 0.0254831389396959 -4.26564907998007 2.89506109198648
27200 -4.23998231697805 0.0255749093950013 -4.26555722637305 2.89439292518213
27300 -4.23918558021603 0.0259624523617313 -4.26514803257777 2.89482430404864
27400 -4.23917277455415 0.0263313083914658 -4.26550408294561 2.8947462782829
27500 -4.23985420207467 0.0257036500004965 -4.26555785207517 2.89496535212699
27600 -4.2398073455698 0.0257612970945062 -4.26556864266431 2.89520447947232
27700 -4.23894596938681 0.0258425713649863 -4.26478854075179 2.89495095401368
27800 -4.23931328724032 0.0259365164361076 -4.26524980367643 2.89437515365647
27900 -4.23924086540414 0.0263647169098109 -4.26560558231395 2.89442413310521
28000 -4.23970853071125 0.0257773194780396 -4.26548585018929 2.89495847850109
28100 -4.23936596494566 0.0259316156822743 -4.26529758062794 2.89512844836624
28200 -4.23945809824956 0.0256057492042661 -4.26506384745383 2.89497786729233
28300 -4.23897115863361 0.0262010932754015 -4.26517225190901 2.89487506153383
28400 -4.23958472475719 0.0262214653740842 -4.26580619013128 2.89429693612109
28500 -4.23980333386551 0.0254070213669082 -4.26521035523242 2.89481037242463
28600 -4.23985174343817 0.0256705738551542 -4.26552231729332 2.89541326677992
28700 -4.23934125530744 0.0257589796498264 -4.26510023495726 2.89536268069524
28800 -4.23922661038441 0.0260408246080041 -4.26526743499242 2.89459624014773
28900 -4.23916871006817 0.0259662393481213 -4.26513494941629 2.89457017303262
29000 -4.23878846083402 0.0262369252715836 -4.2650253861056 2.89491271705444
29100 -4.23926732381918 0.0258088357100177 -4.2650761595292 2.89561086199021
29200 -4.23933631421774 0.0260503397983877 -4.26538665401613 2.89552174453979
29300 -4.2394854699835 0.0257534534059988 -4.2652389233895 2.89504331692958
29400 -4.23895736726348 0.0263325326755852 -4.26528989993907 2.89468318823103
29500 -4.23975362541543 0.0259233145130384 -4.26567693992847 2.8942452198645
29600 -4.24000662560257 0.0257162082989533 -4.26572283390152 2.89469914671999
29700 -4.23993197780233 0.0255002090237513 -4.26543218682608 2.89561340984229
29800 -4.23988250593922 0.02580615107803 -4.26568865701725 2.89481501798798
29900 -4.23982852650484 0.025867089976815 -4.26569561648165 2.89439115484641
30000 -4.24010650259765 0.0254780563065113 -4.26558455890416 2.89429951830744
30100 -4.23924974145009 0.026158176619239 -4.26540791806933 2.89466836888186
30200 -4.23968980393819 0.0256396429143601 -4.26532944685255 2.89573387636459
30300 -4.23924845173714 0.026086581695181 -4.26533503343232 2.89525378111996
30400 -4.23954004387322 0.0261614351132996 -4.26570147898652 2.89451527486191
30500 -4.23933070125235 0.0253027245474769 -4.26463342579983 2.89500165297717
30600 -4.23907071261388 0.0260825516880495 -4.26515326430193 2.89460161152303
30700 -4.23944041489945 0.0255804487694265 -4.26502086366887 2.89534792381732
30800 -4.23913936929874 0.0259906171882037 -4.26512998648694 2.89567412585654
30900 -4.23854420755435 0.0264752535704418 -4.26501946112479 2.8953023302992
31000 -4.23851376876412 0.0261616331100503 -4.26467540187417 2.89498414191812
31100 -4.23897724706456 0.0263594616701207 -4.26533670873468 2.89435751401229
31200 -4.23885115843543 0.0260698896091747 -4.2649210480446 2.89488490663484
31300 -4.23944637610772 0.0258799034161884 -4.2653262795239 2.89520592128951
31400 -4.23955333287497 0.0253562880583794 -4.26490962093335 2.89607380394876
31500 -4.23883205171692 0.0263000508622861 -4.26513210257921 2.89513842874209
31600 -4.23940829486248 0.0260431897070176 -4.2654514845695 2.89459820081293
31700 -4.23922760232427 0.0262723158264883 -4.26549991815076 2.89439344233512
31800 -4.23978307939496 0.0258250592394502 -4.26560813863441 2.89473010319898
31900 -4.23944408746026 0.025760350562739 -4.265204438023 2.89592361306431
32000 -4.23943274473807 0.0259080069028809 -4.26534075164095 2.89515459625754
32100 -4.23949598435762 0.0255906473148053 -4.26508663167242 2.89472135864981
32200 -4.23982678447905 0.0256821374834162 -4.26550892196246 2.89429975163644
32300 -4.23933331157023 0.0258872678590501 -4.26522057942928 2.89491642642109
32400 -4.2398576635646 0.0255931938403067 -4.26545085740491 2.89516144848174
32500 -4.24020507749471 0.0254546568979313 -4.26565973439265 2.895308919327
32600 -4.24012282272961 0.0254179711549665 -4.26554079388458 2.89451708898561
32700 -4.23977571853941 0.0255587496702898 -4.2653344682097 2.89452329199681
32800 -4.23965038354266 0.0255812331917302 -4.26523161673439 2.89488750147351
32900 -4.24007995906522 0.0254688299114183 -4.26554878897664 2.89496511889869
33000 -4.23980968481176 0.0255773178049916 -4.26538700261675 2.89539304084939
33100 -4.23925472101344 0.0257752630659748 -4.26502998407941 2.89460753766482
33200 -4.23922026266113 0.0257607569453795 -4.26498101960651 2.89471503399177
33300 -4.23930949682217 0.0260784330488545 -4.26538792987103 2.8945991058866
33400 -4.23914368290161 0.0261685101122015 -4.26531219301381 2.89502012287208
33500 -4.23904120465701 0.0262597005019223 -4.26530090515893 2.89546485944041
33600 -4.23931508976602 0.0262847191517537 -4.26559980891778 2.89514283969661
33700 -4.23967132071268 0.0255323794714492 -4.26520370018413 2.8944995489877
33800 -4.24057172222251 0.0249292991340957 -4.2655010213566 2.89459311936635
33900 -4.23894509530047 0.0257239139022316 -4.26466900920271 2.89528233006026
34000 -4.23963717883851 0.0259093795479824 -4.26554655838649 2.89493999766023
34100 -4.24006686440512 0.0257151011163671 -4.26578196552149 2.89498353181219
34200 -4.23985804779695 0.0256231755644734 -4.26548122336143 2.89426809521481
34300 -4.23960833451923 0.0258791099901774 -4.2654874445094 2.89434008858591
34400 -4.23947369559116 0.0258409906084712 -4.26531468619963 2.89469238212441
34500 -4.23938655209925 0.0258243725792428 -4.26521092467849 2.89502444212109
34600 -4.2396869508799 0.0256708540313192 -4.26535780491122 2.89517105786542
34700 -4.24015758457908 0.0255016905191261 -4.26565927509821 2.8946966922381
34800 -4.23960556550137 0.0259175454991731 -4.26552311100055 2.89418564704554
34900 -4.23938807009487 0.0259549816612435 -4.26534305175611 2.894628616142
35000 -4.2393065314428 0.0260553878605859 -4.26536191930338 2.89486081758949
35100 -4.23923531318133 0.0261068078456993 -4.26534212102703 2.89491775302414
35200 -4.23956566848107 0.0259989597817695 -4.26556462826284 2.8947518983318
35300 -4.23967155576768 0.0253857017042736 -4.26505725747196 2.894820510602
35400 -4.24029353969207 0.0252993829986399 -4.26559292269071 2.89424167307685
35500 -4.24037499946253 0.0254754048240707 -4.2658504042866 2.89437972509867
35600 -4.2397244494682 0.0259762406975145 -4.26570069016571 2.89504175571636
35700 -4.23977092450473 0.0254744327713533 -4.26524535727608 2.89526481261129
35800 -4.23948147406726 0.0260379702185392 -4.2655194442858 2.89468739402365
35900 -4.23951034799236 0.0262806294368717 -4.26579097742924 2.8943883894158
36000 -4.23977867862407 0.0255814664452193 -4.26536014506929 2.89470679746546
36100 -4.2403219099799 0.0256387950391761 -4.26596070501908 2.89471255423712
36200 -4.24008678433235 0.0253342245793798 -4.26542100891173 2.89531500875494
36300 -4.23941853965706 0.0264513798288089 -4.26586991948587 2.8943118975213
36400 -4.23927219876299 0.025778620118943 -4.26505081888193 2.89438449430945
36500 -4.23954611113281 0.0249515078221266 -4.26449761895494 2.89515405733176
36600 -4.23939287085597 0.0262365938227559 -4.26562946467873 2.89475503700563
36700 -4.23958663928574 0.0254201271388234 -4.26500676642457 2.89523898454027
36800 -4.23889090796426 0.0255304232074782 -4.26442133117174 2.89551107075798
36900 -4.23863878116318 0.0263694036011246 -4.26500818476431 2.89470402429775
37000 -4.23900611028597 0.0259282403692071 -4.26493435065518 2.89460897047021
37100 -4.23946661046376 0.0259198632108456 -4.26538647367461 2.89478436579667
37200 -4.24003150832332 0.025726275281623 -4.26575778360494 2.89488835416653
37300 -4.23996381697861 0.0253603682289508 -4.26532418520756 2.89487661322519
37400 -4.23971065195358 0.0257321681274166 -4.26544282008099 2.89466948268547
37500 -4.23927288240944 0.0258620285087792 -4.26513491091822 2.89479519090485
37600 -4.23895262847217 0.0263426531485543 -4.26529528162072 2.89448082955688
37700 -4.23986539018164 0.0253011048065076 -4.26516649498815 2.89533436105229
37800 -4.23998890138985 0.0257788060977432 -4.2657677074876 2.8952069824083
37900 -4.23977012209805 0.0257058452911928 -4.26547596738925 2.89483062351124
38000 -4.23959277602889 0.025751027098359 -4.26534380312725 2.89449165886791
38100 -4.23970091026712 0.025552476711312 -4.26525338697843 2.89463108721013
38200 -4.23981060655089 0.0258898742999806 -4.26570048085087 2.89478052399767
38300 -4.23989170187798 0.0256719835894791 -4.26556368546746 2.89552137787795
38400 -4.24012056326462 0.0258050895711338 -4.26592565283576 2.89475437479184
38500 -4.24020832852541 0.0254880843546037 -4.26569641288001 2.89444805673842
38600 -4.23980824031262 0.0255364225148298 -4.26534466282745 2.89447204348479
38700 -4.23980398677313 0.0258513329723189 -4.26565531974545 2.89464783135948
38800 -4.23951670283291 0.0258186028196856 -4.26533530565259 2.8958031207495
38900 -4.24014249553726 0.0255136975127241 -4.26565619304999 2.89505875988082
39000 -4.23946312635918 0.0260780962678842 -4.26554122262706 2.89462828324407
39100 -4.23902369623292 0.0258756706297945 -4.26489936686272 2.8950085991154
39200 -4.23872188558505 0.0264668560060398 -4.26518874159109 2.89478470368527
39300 -4.23953119961215 0.0259148107504016 -4.26544601036255 2.89485486873976
39400 -4.23960541368393 0.0257877877760058 -4.26539320145994 2.89586774496392
39500 -4.23907158375579 0.025849661026539 -4.26492124478233 2.89539831849426
39600 -4.23895450629894 0.0260351549370866 -4.26498966123603 2.89503993860203
39700 -4.23879017865867 0.0264279267878219 -4.26521810544649 2.89467576202057
39800 -4.23931513460176 0.0258955506257441 -4.2652106852275 2.89468495797581
39900 -4.2391873213311 0.0264146446819214 -4.26560196601302 2.8949634612482
40000 -4.23977921419891 0.0254506334102203 -4.26522984760913 2.89560616070467
40100 -4.23996395000751 0.0257180160965669 -4.26568196610407 2.89464567252942
40200 -4.24014510856516 0.0257341340452909 -4.26587924261046 2.89409898609248
40300 -4.24044883856114 0.0255217420959026 -4.26597058065704 2.89405872322838
40400 -4.23990984508501 0.0256690206056086 -4.26557886569062 2.89484271544228
40500 -4.2398262089939 0.0255438402734268 -4.26537004926733 2.89551639135985
40600 -4.23960594291965 0.025792276343632 -4.26539821926328 2.89503976301422
40700 -4.23906196146626 0.0261966624225058 -4.26525862388877 2.89467187668536
40800 -4.23852257645106 0.0260952263050667 -4.26461780275613 2.8952076975935
40900 -4.23936374457339 0.0261581524077159 -4.26552189698111 2.89464842085235
41000 -4.23956268559402 0.0260498542521726 -4.2656125398462 2.8949044923723
41100 -4.23944539690091 0.02577739523728 -4.26522279213819 2.895641618552
41200 -4.23890415203097 0.0264942392485369 -4.26539839127951 2.89488148319668
41300 -4.23925258057739 0.025927906203262 -4.26518048678065 2.89447055356588
41400 -4.23893289121379 0.0262526725429503 -4.26518556375674 2.89455923182903
41500 -4.23951199505057 0.0260783169898134 -4.26559031204039 2.89464435299029
41600 -4.2398440499201 0.0254847247680875 -4.26532877468818 2.89513084311798
41700 -4.23926559591992 0.0257719709976999 -4.26503756691762 2.89515422811515
41800 -4.23913513741845 0.0260804741238954 -4.26521561154235 2.89496587191238
41900 -4.23972575690607 0.025546213397433 -4.2652719703035 2.89481036090357
42000 -4.23999552152823 0.0255549942422918 -4.26555051577052 2.89459485383246
42100 -4.24038017933994 0.025353656742953 -4.26573383608289 2.89464942153736
42200 -4.23950590638001 0.0257431243973881 -4.2652490307774 2.89519006547325
42300 -4.23932374963581 0.0257706207580677 -4.26509437039387 2.89513795753769
42400 -4.23954471884834 0.0256461653483399 -4.26519088419668 2.89480292790525
42500 -4.23951952796248 0.0258115843253042 -4.26533111228779 2.89420425978242
42600 -4.23968166170933 0.0260452539841901 -4.26572691569352 2.89430184801628
42700 -4.23906744932661 0.0262507680828919 -4.2653182174095 2.89489570104114
42800 -4.23885433806281 0.0261663326108689 -4.26502067067368 2.895331866468
42900 -4.23941357944928 0.025387448475653 -4.26480102792493 2.89523132592867
43000 -4.23941228287303 0.0261269455383186 -4.26553922841135 2.89431857579269
43100 -4.2397229138879 0.0256915321206791 -4.26541444600857 2.89413582205242
43200 -4.24008303327069 0.0256123872243729 -4.26569542049506 2.89462589779849
43300 -4.24027407733332 0.0253996916658747 -4.2656737689992 2.89486389337748
43400 -4.24024033751774 0.0255535031001742 -4.26579384061791 2.89461298401356
43500 -4.23967896935197 0.0259051667850184 -4.26558413613698 2.89451812249357
43600 -4.24022104145121 0.0259281038173897 -4.2661491452686 2.89420578394065
43700 -4.24033074311192 0.0256743843967509 -4.26600512750867 2.89429126827004
43800 -4.24070680069882 0.0251990505395233 -4.26590585123834 2.89466311977796
43900 -4.24020705965452 0.0257046170793396 -4.26591167673386 2.89501764860586
44000 -4.23970997078062 0.0259302948180573 -4.26564026559868 2.89460964748382
44100 -4.23948173641869 0.0259765241090909 -4.26545826052778 2.89431832808133
44200 -4.23949621202897 0.0258215597574346 -4.26531777178641 2.89467632962277
44300 -4.23924970570199 0.0260117752902197 -4.26526148099221 2.89496018890524
44400 -4.2393412291099 0.0258838706828696 -4.26522509979277 2.89515400927895
44500 -4.23900803991488 0.0262438336246231 -4.26525187353951 2.89501637896484
44600 -4.23870933601679 0.0258621341997911 -4.26457147021659 2.89518951112327
44700 -4.23849962406866 0.0263189233128479 -4.26481854738151 2.89473325567209
44800 -4.23876550522723 0.026094993362289 -4.26486049858952 2.89486789012143
44900 -4.23894550667188 0.0260835700161468 -4.26502907668803 2.89521076010307
45000 -4.23963754567594 0.0259893218541681 -4.26562686753011 2.89489157039516
45100 -4.23955281092275 0.0258106628237509 -4.2653634737465 2.89497755856086
45200 -4.23969515404863 0.0260496123783175 -4.26574476642695 2.8945203751671
45300 -4.2393924087459 0.0257806348123902 -4.26517304355829 2.89451505338782
45400 -4.23918758579966 0.0263822009953563 -4.26556978679502 2.89461831653483
45500 -4.23957408751893 0.0256614528701812 -4.26523554038911 2.89534624149023
45600 -4.23954733101298 0.0256736769283487 -4.26522100794133 2.89535849712228
45700 -4.23919342535748 0.0262246728963591 -4.26541809825384 2.89481356457266
45800 -4.23899985254743 0.0261556566840251 -4.26515550923145 2.89496213667231
45900 -4.23928239573655 0.0258799795576643 -4.26516237529421 2.89487425798215
46000 -4.23983809816935 0.0256900679270991 -4.26552816609645 2.89481793773742
46100 -4.23915696674994 0.0261133993228001 -4.26527036607274 2.8951736682835
46200 -4.23910607779163 0.0261857421600839 -4.26529181995172 2.89500133702717
46300 -4.23948424212701 0.0262022634926982 -4.26568650561971 2.89417447185615
46400 -4.24005357426065 0.0255425442160193 -4.26559611847667 2.89419716437715
46500 -4.23944600498609 0.0263972808116257 -4.26584328579772 2.89485123542417
46600 -4.23857468684572 0.0262536884959938 -4.26482837534172 2.89564289310615
46700 -4.23871925424559 0.0261504823287944 -4.26486973657439 2.89518693363385
46800 -4.23847715045972 0.0262468692649676 -4.26472401972469 2.89525468934862
46900 -4.23948528289411 0.0256530973219032 -4.26513838021602 2.8946213357199
47000 -4.23948702179486 0.0260018484364294 -4.26548887023129 2.89420443152218
47100 -4.23932512544838 0.0259239456289484 -4.26524907107732 2.89518830488981
47200 -4.23950479781771 0.0258834695836708 -4.26538826740138 2.8952579503791
47300 -4.24035202956564 0.025360562849293 -4.26571259241493 2.89471206840043
47400 -4.23941101785191 0.0258854942444891 -4.2652965120964 2.89476689601529
47500 -4.23945457966374 0.026008061144586 -4.26546264080832 2.89471568604669
47600 -4.23989756245111 0.0260212777724368 -4.26591884022355 2.8944003415434
47700 -4.24002836294777 0.0253662081189408 -4.26539457106671 2.89493633872672
47800 -4.24017965256878 0.025330897842381 -4.26551055041116 2.89507544435476
47900 -4.23994859057617 0.0258530374636144 -4.26580162803978 2.89435446051764
48000 -4.23977366177221 0.0256767687232465 -4.26545043049546 2.89426384546731
48100 -4.23980639997214 0.0259022041034117 -4.26570860407555 2.89423289604811
48200 -4.24004356334543 0.025834018067554 -4.26587758141298 2.89479779983107
48300 -4.240333076737 0.0257413489023481 -4.26607442563935 2.89468790269731
48400 -4.23987318728758 0.0257607909079036 -4.26563397819548 2.8946664090812
48500 -4.23973795106503 0.0257765759511586 -4.26551452701619 2.8946102177197
48600 -4.2400057374594 0.0254252456669355 -4.26543098312634 2.89448982694084
48700 -4.23983200783411 0.0257029041167346 -4.26553491195085 2.89508825193649
48800 -4.23967123439871 0.0259371690922793 -4.26560840349099 2.89536852758895
48900 -4.23872501259383 0.0263170116743631 -4.26504202426819 2.89524204183313
49000 -4.2394639025028 0.0258126989393655 -4.26527660144217 2.89472836886018
49100 -4.23979526305843 0.0260151476164695 -4.2658104106749 2.89441046823157
49200 -4.2399151805985 0.025694830322887 -4.26561001092139 2.89466505997176
49300 -4.23950049021762 0.0257598437441071 -4.26526033396173 2.89492240146017
49400 -4.2399708190268 0.0254748933154127 -4.26544571234221 2.89481910338113
49500 -4.24028200406843 0.025453296086803 -4.26573530015523 2.89455648477506
49600 -4.23959824643773 0.0254603865483849 -4.26505863298611 2.89484352630698
49700 -4.23940598756474 0.0257506414177684 -4.26515662898251 2.8945447574481
49800 -4.23942710838186 0.0258710829488451 -4.2652981913307 2.89495203112573
49900 -4.23920942239142 0.0259926881457022 -4.26520211053712 2.89542457572191
50000 -4.23950709391484 0.0262126618531754 -4.26571975576802 2.89464885879999
50100 -4.23977008790162 0.0255833658726148 -4.26535345377423 2.89459437534964
50200 -4.23993275340312 0.0257893373313525 -4.26572209073447 2.89426985605166
50300 -4.2396890777442 0.0256444622965196 -4.26533354004072 2.89484007226485
50400 -4.23965778711176 0.0259885975713377 -4.2656463846831 2.89526027186961
50500 -4.23980116872645 0.0253948841974973 -4.26519605292395 2.89537577848773
50600 -4.24006379491798 0.0257769416017275 -4.26584073651971 2.89440504020462
50700 -4.23937009397214 0.0260360319822772 -4.26540612595442 2.89452024470075
50800 -4.23956994281709 0.0255604672370592 -4.26513041005415 2.89487048684478
50900 -4.2396680886056 0.0257169812639039 -4.26538506986951 2.89490031431107
51000 -4.23934783580682 0.0259900543756376 -4.26533789018246 2.89539701228978
51100 -4.23953385237856 0.0258114649319682 -4.26534531731053 2.89490789246864
51200 -4.23975276234083 0.0259145976122071 -4.26566735995304 2.89413455373506
51300 -4.23955640408931 0.0255100536004296 -4.26506645768974 2.89489613443661
51400 -4.23887023723306 0.0260969279403609 -4.26496716517342 2.89517368076316
51500 -4.23958707956879 0.0259545714514511 -4.26554165102024 2.89508688689891
51600 -4.23922877924751 0.0261891139370832 -4.26541789318459 2.8948660519798
51700 -4.23924864430111 0.0261784733661022 -4.26542711766721 2.89420321531954
51800 -4.23930577247012 0.0262504661955958 -4.26555623866571 2.89369979724572
51900 -4.23983866560108 0.0255199912882394 -4.26535865688932 2.89487483964512
52000 -4.23959110668443 0.0258547529848653 -4.26544585966929 2.89505886587554
52100 -4.23979465026931 0.0256433502053566 -4.26543800047467 2.89486779889204
52200 -4.23838794961398 0.0267800489283808 -4.26516799854236 2.89486831650696
52300 -4.23956829401729 0.0262347574417342 -4.26580305145903 2.89377016755926
52400 -4.23921730254876 0.026103334005534 -4.2653206365543 2.89436491229357
52500 -4.23905382681062 0.0260690284149013 -4.26512285522552 2.89520039181204
52600 -4.23897071443848 0.0260231396078412 -4.26499385404632 2.89551786825204
52700 -4.23896907320209 0.0259980918415592 -4.26496716504365 2.89526511777346
52800 -4.23958416828275 0.0257321054878504 -4.26531627377061 2.89457142554236
52900 -4.23886710218301 0.0262253009813967 -4.26509240316441 2.89447746255815
53000 -4.23875730092876 0.0262622012374544 -4.26501950216621 2.89467347446336
53100 -4.23929883970664 0.0262426447832187 -4.26554148448986 2.89509966635338
53200 -4.23957589997589 0.0256352793317029 -4.26521117930759 2.89534576929217
53300 -4.24011098294762 0.0254389486603036 -4.26554993160792 2.89472694639232
53400 -4.23990771128698 0.0253584498311561 -4.26526616111814 2.89454277878664
53500 -4.23952491440054 0.0260343118215547 -4.2655592262221 2.89419333993545
53600 -4.24016236633283 0.0253412800819566 -4.26550364641478 2.89497587501584
53700 -4.23938867990111 0.0259048611143656 -4.26529354101548 2.89555499395421
53800 -4.23889530992546 0.0256654431645061 -4.26456075308996 2.89560444910926
53900 -4.23936329214354 0.0260600020110438 -4.26542329415459 2.89490249660752
54000 -4.23854339607283 0.0260865662037602 -4.26462996227659 2.89494375672146
54100 -4.23935092311319 0.0263184332549276 -4.26566935636812 2.89398475074022
54200 -4.23955694773233 0.0257919429659003 -4.26534889069823 2.89495757417487
54300 -4.23967576562892 0.0257224846719831 -4.2653982503009 2.89514143518728
54400 -4.24004439359978 0.0254373566693392 -4.26548175026912 2.89487211351127
54500 -4.23977707065657 0.0256884823660184 -4.26546555302259 2.89465741182434
54600 -4.24013903656981 0.0255423116565394 -4.26568134822634 2.89397335787262
54700 -4.2392328087637 0.0261242761845171 -4.26535708494822 2.89449001436042
54800 -4.23906273586817 0.0258997785718397 -4.26496251444001 2.89531405749174
54900 -4.23873153321379 0.0258439741062971 -4.26457550732009 2.89586576608305
55000 -4.23858000704984 0.0261285164852135 -4.26470852353505 2.89541986055057
55100 -4.23829378122351 0.0267100887211894 -4.2650038699447 2.89481668504708
55200 -4.23930826191761 0.0259182646279117 -4.26522652654552 2.89429120058478
55300 -4.24002380387997 0.0256720361256052 -4.26569584000558 2.89442513173879
55400 -4.23955340545654 0.0259633139905123 -4.26551671944705 2.89515337155759
55500 -4.23996598393753 0.0260840856200959 -4.26605006955763 2.89459778594116
55600 -4.23910075753125 0.0263187917916337 -4.26541954932288 2.89479201282435
55700 -4.23934158112633 0.0262599124037496 -4.26560149353008 2.89426241162983
55800 -4.23970064418695 0.0261791231508265 -4.26587976733778 2.89376467812271
55900 -4.23987824520642 0.0258017926444409 -4.26568003785087 2.89484620626715
56000 -4.23942681021271 0.0256916062546717 -4.26511841646738 2.89546568754804
56100 -4.23981293255774 0.0259926579979807 -4.26580559055572 2.89471119261749
56200 -4.238713191513 0.0263222272038451 -4.26503541871685 2.89497766228614
56300 -4.23910806621506 0.0260131732210845 -4.26512123943614 2.89450825173959
56400 -4.23904892152006 0.0260794608391259 -4.26512838235919 2.89478721836684
56500 -4.2399095969686 0.0255162582779022 -4.2654258552465 2.89518776695878
56600 -4.23924425498897 0.0263509044348311 -4.2655951594238 2.89529315241021
56700 -4.23908096517 0.0263551450170215 -4.26543611018702 2.89493346935979
56800 -4.23955751236774 0.0259015383678508 -4.26545905073559 2.89477746307964
56900 -4.23848708101915 0.026180927920123 -4.26466800893928 2.89514016912721
57000 -4.23938884777371 0.0257194501913946 -4.2651082979651 2.8948065156014
57100 -4.23922247672882 0.0259341191970775 -4.2651565959259 2.89542023007799
57200 -4.23942785804027 0.0255512801602188 -4.26497913820049 2.89569034663619
57300 -4.23950315072722 0.0259090572151236 -4.26541220794235 2.89496248048912
57400 -4.23897481093146 0.0259779897970366 -4.2649528007285 2.89495843449047
57500 -4.23973344245902 0.0259044400634642 -4.26563788252248 2.8945453119983
57600 -4.2398204077208 0.025672540353836 -4.26549294807463 2.89476673862682
57700 -4.23939231874811 0.0257238707930015 -4.26511618954111 2.89508128470019
57800 -4.23952434794016 0.0255063396918946 -4.26503068763205 2.89520291244041
57900 -4.23970727174274 0.0257252551438781 -4.26543252688661 2.89458530493538
58000 -4.2393044438272 0.0260688018355997 -4.2653732456628 2.89424179020655
58100 -4.23970442593718 0.025872214427757 -4.26557664036494 2.89432603541445
58200 -4.23981542723185 0.0255709117593176 -4.26538633899117 2.89520954886656
58300 -4.23995726218993 0.0256812528860405 -4.26563851507597 2.89479802008966
58400 -4.23931415712855 0.0259355400536154 -4.26524969718217 2.89489466431136
58500 -4.23995344742491 0.0257986215597248 -4.26575206898464 2.89439792357881
58600 -4.2396273315603 0.025805780409431 -4.26543311196973 2.89469775029978
58700 -4.24006299509636 0.0255648448017752 -4.26562783989813 2.89490616834623
58800 -4.23934131220598 0.026067584031046 -4.26540889623703 2.89510762245251
58900 -4.23956183032841 0.0255176224308913 -4.2650794527593 2.8950376176316
59000 -4.23919934580231 0.0258523064740965 -4.2650516522764 2.89438055033805
59100 -4.23932384232713 0.0262131050129848 -4.26553694734011 2.89400116319345
59200 -4.23951244551873 0.0260617835637426 -4.26557422908247 2.89466499908721
59300 -4.23968373851298 0.0259243531897484 -4.26560809170273 2.89483243814926
59400 -4.23944800792697 0.0255431373808346 -4.26499114530781 2.89522976152275
59500 -4.23920150400624 0.0263552998771239 -4.26555680388337 2.89458378667564
59600 -4.2399844681889 0.0258450319776051 -4.2658295001665 2.89366196940023
59700 -4.23976135660937 0.0257001887437788 -4.26546154535315 2.89441149870747
59800 -4.23970822948332 0.0258707067804458 -4.26557893626377 2.89485921039552
59900 -4.23968106370212 0.0258976172458924 -4.26557868094801 2.89511235294158
60000 -4.23998753065776 0.0256084242348724 -4.26559595489263 2.89461967478087
60100 -4.23940068736084 0.025733524838259 -4.2651342121991 2.89414261962393
60200 -4.23932040732301 0.0260336034948724 -4.26535401081788 2.89403615997773
60300 -4.2396986760275 0.0259504659302207 -4.26564914195772 2.8947022799727
60400 -4.23973396353676 0.0255022222524922 -4.26523618578925 2.89529286028246
60500 -4.2399959723759 0.0253815168299278 -4.26537748920583 2.89493221810174
60600 -4.2399555395 0.0261628305919513 -4.26611837009195 2.89400522588424
60700 -4.23965253960857 0.0260014719914821 -4.26565401160005 2.89363673572954
60800 -4.23997186509052 0.0254530824483907 -4.26542494753891 2.89462740915501
60900 -4.23948029448071 0.0256497375542886 -4.265130032035 2.89525919935511
61000 -4.23985283835042 0.0253123616458192 -4.26516519999624 2.89527118663825
61100 -4.23874460779617 0.0263070343400642 -4.26505164213623 2.89511969866024
61200 -4.23925422907971 0.0258507178073455 -4.26510494688706 2.89447025158089
61300 -4.23992706043765 0.0257354811292279 -4.26566254156688 2.89382197894401
61400 -4.23978555328821 0.0255322177371226 -4.26531777102533 2.89498644571374
61500 -4.23996851915725 0.0258414832840274 -4.26581000244128 2.89463850992913
61600 -4.2396402714386 0.0259408734358177 -4.26558114487442 2.89489252271988
61700 -4.2404546312377 0.025560889619857 -4.26601552085756 2.89419235278664
61800 -4.23941205263819 0.0260496008914979 -4.26546165352969 2.89416930707195
61900 -4.23975405551333 0.0255467617901603 -4.26530081730349 2.89492631760592
62000 -4.23957871020284 0.0258211368311116 -4.26539984703395 2.89522046463312
62100 -4.23919343251458 0.0258504064768635 -4.26504383899144 2.89536402513379
62200 -4.23910654653352 0.0259906605436425 -4.26509720707717 2.89498537645893
62300 -4.23942869700397 0.0256419770234617 -4.26507067402743 2.89487481469933
62400 -4.23906508183213 0.0258937071019309 -4.26495878893406 2.89510800370675
62500 -4.23929911995648 0.0261360693044304 -4.26543518926091 2.89533220229967
62600 -4.24010559336058 0.0253688218903855 -4.26547441525096 2.89529901265185
62700 -4.23938271408914 0.0259264517922227 -4.26530916588136 2.89481608920811
62800 -4.23991357501685 0.0258193433894897 -4.26573291840634 2.89427906851715
62900 -4.23898637159542 0.0259205873486037 -4.26490695894403 2.89508065989193
63000 -4.23982441466471 0.02570134449343 -4.26552575915814 2.89476397085624
63100 -4.23992837897912 0.0254817294366599 -4.26541010841578 2.89483548046322
63200 -4.23956751942826 0.0255621762252808 -4.26512969565354 2.89496322398932
63300 -4.23972052372692 0.0255538823429616 -4.26527440606988 2.89490843440203
63400 -4.23973819352108 0.0257137809132637 -4.26545197443435 2.89459853210024
63500 -4.23996323783587 0.0254478074176031 -4.26541104525348 2.89460379910152
63600 -4.24004427749723 0.0251475501549066 -4.26519182765214 2.89508390185189
63700 -4.23996118950951 0.025611871777213 -4.26557306128673 2.89486042983587
63800 -4.23988798595054 0.025628663004648 -4.26551664895519 2.89449025363909
63900 -4.240020186791 0.0255902132099147 -4.26561040000092 2.8940698626564
64000 -4.23862722909846 0.026161602185036 -4.26478883128349 2.89508615124956
64100 -4.23952140442371 0.025657615329162 -4.26517901975287 2.895273638151
64200 -4.23995188280836 0.025896596348283 -4.26584847915664 2.89459914380737
64300 -4.24010323021294 0.0254428777070895 -4.26554610792003 2.89456440109857
64400 -4.23935847635583 0.0260440623345503 -4.26540253869039 2.89451707637781
64500 -4.23934367847902 0.0260713861446337 -4.26541506462366 2.89449597866741
64600 -4.24014360213417 0.0253394875870819 -4.26548308972125 2.89512988316328
64700 -4.23891164293688 0.0262903804625882 -4.26520202339946 2.8955172688975
64800 -4.2396640680195 0.025623907679262 -4.26528797569876 2.89499422183256
64900 -4.23957020843219 0.0255007352162713 -4.26507094364846 2.89499563677833
65000 -4.23945373688631 0.0260680380109106 -4.26552177489722 2.89462138069387
65100 -4.2402178462657 0.0252416782266844 -4.26545952449238 2.89473515057363
65200 -4.23993467615144 0.0258305803243972 -4.26576525647584 2.89483401973199
65300 -4.23960999808722 0.0258892308754925 -4.26549922896271 2.89507279721766
65400 -4.23982316498918 0.0256665240452321 -4.26548968903442 2.89439167616965
65500 -4.23936711646899 0.0259761461425954 -4.26534326261159 2.89443415775196
65600 -4.24021189834515 0.0255281896993509 -4.2657400880445 2.89448631482037
65700 -4.23977492044818 0.0256916677558112 -4.26546658820399 2.89492088681679
65800 -4.23918185109754 0.0255381250982425 -4.26471997619578 2.89540628660208
65900 -4.23969532185753 0.0261161623668145 -4.26581148422435 2.89460406574578
66000 -4.23944556334705 0.0262676712490351 -4.26571323459608 2.89455179343309
66100 -4.24023668448075 0.0253708948527545 -4.2656075793335 2.89470946434672
66200 -4.23990805779969 0.0253026812431764 -4.26521073904286 2.89493803714025
66300 -4.23915388996373 0.0262204636721995 -4.26537435363593 2.89473001565656
66400 -4.23965095040151 0.0254738271892819 -4.26512477759079 2.89483176027971
66500 -4.23958460596069 0.0256975311811062 -4.2652821371418 2.89498919038924
66600 -4.23907378066726 0.025990114449101 -4.26506389511636 2.89547618580071
66700 -4.23968347754516 0.0254809525720996 -4.26516443011726 2.89517894575992
66800 -4.23943050626158 0.026424771568155 -4.26585527782973 2.89402000918883
66900 -4.23955097663733 0.025780353349275 -4.26533132998661 2.89457649446151
67000 -4.23944396327814 0.0259885793036246 -4.26543254258177 2.89484434407338
67100 -4.23968366522719 0.0258710597424131 -4.26555472496961 2.89477558169272
67200 -4.23982862121696 0.0254962476617277 -4.26532486887869 2.89500371110012
67300 -4.23932254283262 0.0257691756642896 -4.26509171849691 2.89467850771679
67400 -4.23932915774995 0.0257571767124504 -4.2650863344624 2.89437296056652
67500 -4.23995061272082 0.0255530567383169 -4.26550366945914 2.89462643042271
67600 -4.23913114166791 0.0258279973508747 -4.26495913901879 2.89546098411093
67700 -4.24005723701878 0.0255304638017953 -4.26558770082057 2.89481382785507
67800 -4.23997748828111 0.0262006974866653 -4.26617818576777 2.8942179993283
67900 -4.23979645651492 0.0258719393423706 -4.26566839585729 2.894570681392
68000 -4.23937915189656 0.0262042746364022 -4.26558342653296 2.8947068276894
68100 -4.23930488241478 0.0262011673766532 -4.26550604979143 2.89477092765286
68200 -4.23931602547132 0.0259220030077651 -4.26523802847909 2.89499327581966
68300 -4.23950507184288 0.0261391466271516 -4.26564421847004 2.89455643219607
68400 -4.23939367298163 0.0258955169021957 -4.26528918988382 2.8947641168523
68500 -4.24002155584522 0.025339231682156 -4.26536078752737 2.89502138895364
68600 -4.23941453187065 0.0260055540565709 -4.26542008592723 2.89524197535615
68700 -4.23957200718214 0.0256818459257658 -4.26525385310791 2.89496277391757
68800 -4.23940494529617 0.025885561030446 -4.26529050632661 2.89425339422574
68900 -4.23911849541349 0.0258873624895191 -4.26500585790301 2.89478919232879
69000 -4.23969519298823 0.0260978046312469 -4.26579299761948 2.89459452679721
69100 -4.2394007509663 0.0262070250797072 -4.265607776046 2.89492675473596
69200 -4.23940610066346 0.0256161874598698 -4.26502228812333 2.89514754931003
69300 -4.24013383655945 0.0256561868674608 -4.26579002342691 2.89394772196591
69400 -4.24017117527516 0.0254470674641654 -4.26561824273933 2.8939808890595
69500 -4.23960135145926 0.0257816453324805 -4.26538299679174 2.89493254813062
69600 -4.23977904950585 0.0257057203394227 -4.26548476984527 2.89512935452179
69700 -4.2395709610446 0.0255266376708378 -4.26509759871544 2.89501890657965
69800 -4.23989042859564 0.025699046517334 -4.26558947511298 2.89439738324076
69900 -4.24022135780487 0.0255715043648603 -4.26579286216973 2.89337146063437
70000 -4.24009374018795 0.0253369831501459 -4.26543072333809 2.89494232698513
70100 -4.24016579384862 0.0253109800053289 -4.26547677385394 2.89506881091372
70200 -4.24000866419955 0.0256908663997427 -4.26569953059929 2.89476277561317
70300 -4.24034548947894 0.0256041027676208 -4.26594959224656 2.89410640499859
70400 -4.24022532275458 0.0254815645040002 -4.26570688725858 2.89401848938764
70500 -4.23966230970677 0.0260425384331972 -4.26570484813997 2.89472120435322
70600 -4.23926709985134 0.0259881662021131 -4.26525526605346 2.89529287183265
70700 -4.23884258282192 0.0263809629453125 -4.26522354576723 2.89516514656545
70800 -4.23959414097248 0.0254561784967476 -4.26505031946923 2.89490668406223
70900 -4.23971662420732 0.025823102646263 -4.26553972685359 2.89421547364148
71000 -4.23925061974224 0.0261468722865319 -4.26539749202878 2.8944796708518
71100 -4.2390121113555 0.0266422554097383 -4.26565436676524 2.8953651711707
71200 -4.23957015607361 0.0260844382776845 -4.2656545943513 2.89497027366721
71300 -4.23974068194632 0.0258569739120969 -4.26559765585841 2.89469259083116
71400 -4.23925301518546 0.0261110920673855 -4.26536410725284 2.89467249732311
71500 -4.23882482748641 0.0264629864421111 -4.26528781392852 2.89454307407134
71600 -4.23835086366084 0.0267999879015169 -4.26515085156236 2.89513980687386
71700 -4.23941655418309 0.0255758547659302 -4.26499240894902 2.89556230918591
71800 -4.23935756743256 0.0262256083607458 -4.2655831757933 2.89508833397009
71900 -4.23974042067811 0.0258372625401226 -4.26557768321823 2.89452826987292
72000 -4.23903400355919 0.0261334596812004 -4.26516746324039 2.89455259654759
72100 -4.24043960648104 0.0250541128157927 -4.26549371929683 2.89430841322761
72200 -4.24004781784489 0.0255761799090032 -4.2656239977539 2.89554580716155
72300 -4.2400835654428 0.0255451835849639 -4.26562874902777 2.89522337546744
72400 -4.23981186858571 0.0257940165413815 -4.26560588512709 2.89460639438884
72500 -4.23981396784143 0.0257857064404263 -4.26559967428186 2.89437826800183
72600 -4.23943153471347 0.0258134732402495 -4.26524500795372 2.89481782126748
72700 -4.24070992666416 0.0253267011556394 -4.2660366278198 2.89491777726037
72800 -4.24018117528475 0.0254971840991411 -4.26567835938389 2.89529497333669
72900 -4.23884715745277 0.0258121454408141 -4.26465930289359 2.8953333812807
73000 -4.23931377351082 0.0260287769054995 -4.26534255041632 2.89457929238424
73100 -4.24011168097656 0.0255028705147098 -4.26561455149127 2.89438766455996
73200 -4.23953440642116 0.0258458611813254 -4.26538026760249 2.89502228782764
73300 -4.23937325381199 0.0264143148518908 -4.26578756866389 2.89547303619897
73400 -4.23973589652252 0.0256202091722727 -4.26535610569479 2.89502792862787
73500 -4.24037766684028 0.025534067918561 -4.26591173475884 2.89419173146873
73600 -4.24029052078536 0.0257844703445298 -4.26607499112989 2.89406771648345
73700 -4.2396952385252 0.0256388464389796 -4.26533408496418 2.89502587115779
73800 -4.24024325432802 0.0255287809753653 -4.26577203530339 2.89544336964738
73900 -4.23965302967489 0.0256355844556765 -4.26528861413057 2.89534249515306
74000 -4.23920008427688 0.025949409709265 -4.26514949398614 2.894879800738
74100 -4.24053490418207 0.0255624404343363 -4.26609734461641 2.89415903406019
74200 -4.23997020328767 0.0259664895516539 -4.26593669283932 2.89428221984083
74300 -4.23924044793485 0.02594912424736 -4.26518957218221 2.895453173564
74400 -4.23960683504146 0.0257547077224557 -4.26536154276391 2.89546844248598
74500 -4.2388965461478 0.0258409040353847 -4.26473745018318 2.8952095747222
74600 -4.23873864738721 0.0261074577246677 -4.26484610511188 2.89478966203671
74700 -4.23861943196002 0.0262820901882234 -4.26490152214825 2.89477733562926
74800 -4.23891919598224 0.0263991024511778 -4.26531829843341 2.89503534066956
74900 -4.24007003449027 0.0257821439903625 -4.26585217848063 2.89515347113049
75000 -4.23971163902893 0.0259734463534707 -4.2656850853824 2.89513870853622
75100 -4.23977214025775 0.0258090185774254 -4.26558115883518 2.89423704621601
75200 -4.23942159485434 0.0258003437629281 -4.26522193861727 2.89463835219124
75300 -4.23934156288825 0.0260110776959688 -4.26535264058422 2.89480158168336
75400 -4.23985305301738 0.025551887863126 -4.2654049408805 2.89508383982826
75500 -4.23931235197308 0.0262251569850977 -4.26553750895818 2.89546094662531
75600 -4.23895085665548 0.0260767782055324 -4.26502763486101 2.89487819916165
75700 -4.2387459391457 0.0264761709960439 -4.26522211014174 2.89446326221767
75800 -4.23888237658305 0.0262605298576843 -4.26514290644073 2.89468214520278
75900 -4.23945742446725 0.026083982064377 -4.26554140653163 2.89481281908393
76000 -4.23952029913829 0.0259212367984244 -4.26544153593671 2.89527073911224
76100 -4.23920723238155 0.0260970237575688 -4.26530425613912 2.89502603214956
76200 -4.23964630585147 0.0257101446559344 -4.2653564505074 2.89424053629762
76300 -4.23934979940244 0.026210550551096 -4.26556034995354 2.89443845880331
76400 -4.23975951790455 0.0253250263697063 -4.26508454427425 2.8950573048704
76500 -4.23984009729576 0.0255445696214347 -4.26538466691719 2.89529575616986
76600 -4.23914448320029 0.0260301551719214 -4.26517463837221 2.89522138417234
76700 -4.23962615005212 0.0254892680972619 -4.26511541814939 2.89442228425218
76800 -4.23970161875283 0.0255147196167556 -4.26521633836958 2.89435738296423
76900 -4.24002187262561 0.0257398180685338 -4.26576169069414 2.89444615195257
77000 -4.23969998422814 0.0257877567888265 -4.26548774101697 2.8949414055899
77100 -4.23949102393595 0.0259340507490728 -4.26542507468503 2.89513948491355
77200 -4.23925833918167 0.0256250031875443 -4.26488334236921 2.89508531821882
77300 -4.23938803152479 0.0258967619220872 -4.26528479344687 2.89409419554498
77400 -4.23924090947006 0.0257644937726531 -4.26500540324271 2.89485429384036
77500 -4.23946268476996 0.0257195746307619 -4.26518225940073 2.89509168722426
77600 -4.24009367612648 0.0256137998697915 -4.26570747599627 2.89494730997241
77700 -4.23953095415055 0.025719597444092 -4.26525055159464 2.89499685590128
77800 -4.23891925729916 0.0258295275467831 -4.26474878484594 2.89467674986237
77900 -4.23888555803389 0.0261585890213939 -4.26504414705529 2.89435442063424
78000 -4.23907221924617 0.0262195801702844 -4.26529179941646 2.89487693328409
78100 -4.2392914771348 0.0257572972503257 -4.26504877438513 2.89510454119145
78200 -4.23943488057326 0.0260876789282802 -4.26552255950154 2.89486148033723
78300 -4.23902408522311 0.0260207056834677 -4.26504479090657 2.89508121234715
78400 -4.23913205414305 0.0262706966250367 -4.26540275076808 2.89424628686596
78500 -4.2391452999578 0.0262088935269215 -4.26535419348472 2.8944023297764
78600 -4.23920193282073 0.0261015785419376 -4.26530351136267 2.89484615278282
78700 -4.23907250147361 0.0260718814037425 -4.26514438287736 2.89535213960274
78800 -4.23955683350232 0.0255905230621599 -4.26514735656448 2.89520108310227
78900 -4.23954105211172 0.0255084067672833 -4.265049458879 2.89489224280667
79000 -4.23966729536232 0.0257842006148661 -4.26545149597719 2.89463646791029
79100 -4.23985642712484 0.0256708935628277 -4.26552732068767 2.89468236680124
79200 -4.23938095956577 0.0258039668032766 -4.26518492636905 2.8954182856568
79300 -4.23912959218357 0.0260787067210525 -4.26520829890462 2.8954417086909
79400 -4.24001651080291 0.0254087562428383 -4.26542526704575 2.8944658515045
79500 -4.23910892675041 0.0264318306586384 -4.26554075740904 2.89426516354808
79600 -4.23982245265604 0.0259035765130094 -4.26572602916905 2.8944131036296
79700 -4.23930913835609 0.0257741165807326 -4.26508325493682 2.89504626947474
79800 -4.24042856467621 0.0255286500602266 -4.26595721473644 2.89445935933245
79900 -4.24006309155883 0.0255787572248205 -4.26564184878365 2.89475396273401
80000 -4.23981678287787 0.0261912466619755 -4.26600802953984 2.89419833805778
80100 -4.24003343257148 0.025489388729552 -4.26552282130103 2.89440950319623
80200 -4.23946209943014 0.0257629237743457 -4.26522502320449 2.89508645686166
80300 -4.23943452205127 0.0258408092311477 -4.26527533128242 2.89557724376038
80400 -4.23962072345693 0.0253760418392813 -4.26499676529621 2.89542679538415
80500 -4.23999413538105 0.025604100408733 -4.26559823578978 2.89456541940391
80600 -4.24018395868054 0.0258386505836199 -4.26602260926416 2.89409231758194
80700 -4.2402514377956 0.0253029078536748 -4.26555434564927 2.89459164832536
80800 -4.23958344359007 0.0255703843372827 -4.26515382792736 2.89561513970554
80900 -4.23935240870004 0.0258296701946739 -4.26518207889472 2.89553870918562
81000 -4.23990260526009 0.0258250844747402 -4.26572768973483 2.8943951315021
81100 -4.23941166908527 0.0260402375123266 -4.2654519065976 2.894318599045
81200 -4.23918863963052 0.0261732700443714 -4.2653619096749 2.89471485543845
81300 -4.23900609497814 0.0261465053798411 -4.26515260035798 2.89527332905976
81400 -4.23978580016235 0.0257816006688717 -4.26556740083122 2.8955689116349
81500 -4.23979741501221 0.025948226315778 -4.26574564132799 2.89471727620852
81600 -4.23909091169712 0.0259619117103406 -4.26505282340746 2.89472036961197
81700 -4.238468114072 0.0260568092707286 -4.26452492334273 2.89518219928963
81800 -4.23955467035166 0.0256439988378995 -4.26519866918956 2.89475716668146
81900 -4.2391027693285 0.0260388071457804 -4.26514157647428 2.89568512768187
82000 -4.23931128770178 0.0253883924588525 -4.26469968016063 2.89586195819096
82100 -4.23935375051434 0.0257630142283339 -4.26511676474268 2.89500532476783
82200 -4.23898742757724 0.0260093667953515 -4.26499679437259 2.89479618041887
82300 -4.23964063376961 0.0255974650270008 -4.26523809879661 2.89457500630363
82400 -4.23968205036967 0.0259861669947184 -4.26566821736439 2.89493572510237
82500 -4.23955062868634 0.0258393195641357 -4.26538994825047 2.89590022035678
82600 -4.23921631757054 0.0256114104609506 -4.26482772803149 2.89524966898449
82700 -4.23994824245734 0.0250628358762444 -4.26501107833359 2.89488896777829
82800 -4.23919889128717 0.0259463124086309 -4.26514520369581 2.89475159883035
82900 -4.23995429650574 0.0258275921838132 -4.26578188868956 2.89465405488777
83000 -4.23916183529412 0.0259876988712489 -4.26514953416537 2.8959026563599
83100 -4.23912719434474 0.026656689435993 -4.26578388378073 2.89493237284858
83200 -4.23868339691597 0.0262926009568175 -4.26497599787279 2.89490356690709
83300 -4.23899890474238 0.0260402629982373 -4.26503916774061 2.89460576222631
83400 -4.2387613192262 0.026130315710229 -4.26489163493643 2.89480043126363
83500 -4.23980982195934 0.02593382854704 -4.26574365050638 2.89470876251674
83600 -4.2398472667433 0.0256074842383867 -4.26545475098169 2.89516927267247
83700 -4.23998930709536 0.0258885156127645 -4.26587782270813 2.89447665141236
83800 -4.23891278151055 0.0262842437216837 -4.26519702523224 2.89461262437114
83900 -4.23962162096302 0.0262210078528436 -4.26584262881586 2.89424404536097
84000 -4.23982298019511 0.0258280978935581 -4.26565107808867 2.89464669125149
84100 -4.2399568424817 0.02582945604192 -4.26578629852362 2.89525920542624
84200 -4.23917574023492 0.0258122184588513 -4.26498795869377 2.89557195100512
84300 -4.23890741567952 0.0262043821392022 -4.26511179781872 2.8949433479239
84400 -4.23917006488214 0.0262032353854816 -4.26537330026762 2.89454063320302
84500 -4.23974448999659 0.0254716559055047 -4.2652161459021 2.89460170827916
84600 -4.24000614280893 0.0253248291590932 -4.26533097196802 2.89507278163416
84700 -4.23915273066576 0.0260007491705503 -4.26515347983631 2.89584484422426
84800 -4.24001134935003 0.0249866243081312 -4.26499797365816 2.89527417645004
84900 -4.24036123210368 0.0256063910923842 -4.26596762319607 2.89423525307902
85000 -4.23942990304784 0.0260498539573211 -4.26547975700516 2.89453773538528
85100 -4.23883367746647 0.0260172896690104 -4.26485096713548 2.89522211120428
85200 -4.23883708234218 0.0262894083451848 -4.26512649068736 2.89555493947187
85300 -4.23898800537007 0.0261751258009957 -4.26516313117107 2.89567172848255
85400 -4.23976559800631 0.0258287484680137 -4.26559434647432 2.89475720714753
85500 -4.23998229725575 0.0257616177781968 -4.26574391503395 2.89415045212595
85600 -4.23991993500468 0.0257310301114846 -4.26565096511616 2.89440245110977
85700 -4.23932673000878 0.0262614683284963 -4.26558819833728 2.89495835472564
85800 -4.23950821150009 0.0259873296367827 -4.26549554113687 2.89549334136102
85900 -4.23957470945916 0.0258713245775814 -4.26544603403674 2.89494252129247
86000 -4.23940951053954 0.0262022811573538 -4.2656117916969 2.89433436968085
86100 -4.23920314756925 0.025722480791459 -4.26492562836071 2.89487572067383
86200 -4.23934784984429 0.0258697472845793 -4.26521759712887 2.89492520347048
86300 -4.23914605649036 0.0261848856186435 -4.265330942109 2.89561017729217
86400 -4.2391343237222 0.0259691526559027 -4.26510347637811 2.89571435971437
86500 -4.23886486505176 0.0264982162115804 -4.26536308126334 2.89456588672089
86600 -4.23938224113224 0.0259714742065727 -4.26535371533882 2.89454151262646
86700 -4.23968721659961 0.0254800191286769 -4.26516723572829 2.89477813922067
86800 -4.23920910581776 0.0262982276554794 -4.26550733347324 2.89508545150949
86900 -4.23901814434978 0.0260302688227763 -4.26504841317256 2.89616931172901
87000 -4.23907400367831 0.026236803150355 -4.26531080682867 2.89510863862688
87100 -4.23892851949608 0.0262002637197946 -4.26512878321587 2.89482619628505
87200 -4.23929371675376 0.025624692450558 -4.26491840920432 2.89481478988879
87300 -4.23948002804828 0.0257028163292471 -4.26518284437753 2.89483762255541
87400 -4.23939383166817 0.026217704947983 -4.26561153661615 2.89575771246478
87500 -4.23936840913547 0.0259756695155444 -4.26534407865101 2.89540370203629
87600 -4.23956597735875 0.0259173538109557 -4.26548333116971 2.89471590079689
87700 -4.23892619416784 0.0261999964535084 -4.26512619062134 2.89468326488882
87800 -4.23922203728458 0.0264397165276624 -4.26566175381224 2.89445836275837
87900 -4.23922084438807 0.0260648183582915 -4.26528566274636 2.89487064771135
88000 -4.23857658501352 0.0265793640558987 -4.26515594906942 2.89588917782497
88100 -4.23936718431879 0.0258548186834886 -4.26522200300228 2.89545144071428
88200 -4.23950362040291 0.0259509788933481 -4.26545459929626 2.89464167408209
88300 -4.23939916771741 0.0260542940520993 -4.26545346176951 2.89442841143306
88400 -4.23967695563495 0.0256613663756347 -4.26533832201059 2.89472193326925
88500 -4.23955658142795 0.0259974558815073 -4.26555403730946 2.8949061608223
88600 -4.23948219239174 0.0259965980270819 -4.26547879041882 2.89533270513453
88700 -4.23960671139458 0.0255558252291893 -4.26516253662377 2.89512894201322
88800 -4.2391692652522 0.0260093695445744 -4.26517863479678 2.89448121745836
88900 -4.23889054334416 0.0257358475112778 -4.26462639085544 2.89494090793247
89000 -4.23878936261219 0.0265840596895443 -4.26537342230174 2.89474258447493
89100 -4.23970741642512 0.0257730941215261 -4.26548051054665 2.89521918720198
89200 -4.24003431041775 0.02588116091009 -4.26591547132784 2.89495715301951
89300 -4.23978132940187 0.0257720170036888 -4.26555334640556 2.89454012558907
89400 -4.23962816350307 0.0258278472111338 -4.26545601071421 2.89438495585804
89500 -4.2400414450562 0.0252602842029984 -4.2653017292592 2.89475492972564
89600 -4.23977261254153 0.0259010117293608 -4.26567362427089 2.89488974739375
89700 -4.24001893030344 0.0258199185224594 -4.2658388488259 2.89521267256751
89800 -4.23950221414506 0.025711133921724 -4.26521334806678 2.89487181768924
89900 -4.23940076187635 0.0261378326860907 -4.26553859456244 2.89436876443441
90000 -4.23893143154556 0.0257641513874036 -4.26469558293296 2.89514782980425
90100 -4.23961585653446 0.0258714271564986 -4.26548728369095 2.89487143559322
90200 -4.2398116121311 0.0257500689310439 -4.26556168106214 2.89517843331803
90300 -4.24004029378872 0.0251988008582835 -4.26523909464701 2.89514879888192
90400 -4.23994691895283 0.0256012635444815 -4.26554818249731 2.89409672877877
90500 -4.23964017076778 0.0256024916539186 -4.2652426624217 2.8946070663233
90600 -4.23948765355031 0.0255897518638675 -4.26507740541417 2.89499941196031
90700 -4.23958275505194 0.0260412233433679 -4.26562397839531 2.89485725714844
90800 -4.23965542190204 0.0257919505578624 -4.2654473724599 2.89511652523889
90900 -4.24004687426632 0.0256478900997664 -4.26569476436608 2.89426906408147
91000 -4.23992442280353 0.0258060776451116 -4.26573050044864 2.89393370333677
91100 -4.23995314784873 0.0255854703283682 -4.2655386181771 2.89445353252065
91200 -4.23949748687091 0.0258563398770747 -4.26535382674799 2.89506400148007
91300 -4.23988306405088 0.0256195566221532 -4.26550262067303 2.89480955100087
91400 -4.239773945935 0.0256606278540449 -4.26543457378905 2.89484150870339
91500 -4.23947192682878 0.0259417300006377 -4.26541365682941 2.89466476098046
91600 -4.23890657623335 0.0263454649353777 -4.26525204116872 2.89470925851888
91700 -4.23949486735952 0.0255496084530379 -4.26504447581256 2.89508250928086
91800 -4.23986734895169 0.0254419413235955 -4.26530929027529 2.89543266692739
91900 -4.23943140188903 0.0260618581583345 -4.26549326004736 2.89531372201149
92000 -4.23880698792904 0.0265009706658274 -4.26530795859486 2.89475200112676
92100 -4.23925955202108 0.0261256215005143 -4.26538517352159 2.89462158079621
92200 -4.23932855334057 0.0261194308658772 -4.26544798420644 2.89475213853211
92300 -4.2395376638421 0.0260843026446158 -4.26562196648672 2.89478095656661
92400 -4.23892309899595 0.0257359941445683 -4.26465909314052 2.89567944510714
92500 -4.23965149645276 0.0254715215030473 -4.26512301795581 2.89541266542076
92600 -4.24021872065954 0.0255031198929485 -4.26572184055249 2.89437484119686
92700 -4.23991311451757 0.025693422388936 -4.2656065369065 2.89423769301617
92800 -4.23955619075081 0.0260767840106551 -4.26563297476146 2.89452931420106
92900 -4.2398186579069 0.025722755574689 -4.26554141348159 2.89498094223636
93000 -4.24044896048023 0.0255843725138485 -4.26603333299408 2.89457551586447
93100 -4.23983194214905 0.0261250410108885 -4.26595698315994 2.89436369971518
93200 -4.23892310598772 0.0260998449289456 -4.26502295091667 2.89491358826066
93300 -4.23958161980762 0.0254908855487216 -4.26507250535634 2.89489268153676
93400 -4.23931944934834 0.0260860648892509 -4.26540551423759 2.89515178162291
93500 -4.23827004821143 0.0265178025822436 -4.26478785079367 2.89583615605584
93600 -4.23832217701448 0.0265988606424319 -4.26492103765691 2.89549201429317
93700 -4.23913560491639 0.0265572591770717 -4.26569286409346 2.89442334529691
93800 -4.23946527948103 0.0255469306142116 -4.26501221009524 2.89489918255857
93900 -4.23974549442778 0.0255937670491489 -4.26533926147693 2.89492039101005
94000 -4.23956002176246 0.025755337388585 -4.26531535915105 2.8950679052436
94100 -4.23937253813829 0.0259785400524204 -4.26535107819071 2.89504120602639
94200 -4.23990596930467 0.0253252927382517 -4.26523126204293 2.89481754721206
94300 -4.23994254820625 0.0254550268588178 -4.26539757506507 2.8941626506498
94400 -4.23997518287357 0.0255276406822856 -4.26550282355586 2.89440691714685
94500 -4.24004226028 0.0254846114176125 -4.26552687169761 2.89507699132074
94600 -4.23948098552448 0.0257102291210931 -4.26519121464557 2.89514292397887
94700 -4.24013011933687 0.0254938340174242 -4.26562395335429 2.89459968945107
94800 -4.23968230852429 0.0259585945147315 -4.26564090303903 2.89415337331657
94900 -4.23969128526732 0.0255824129320453 -4.26527369819936 2.89483281713394
95000 -4.23953177261408 0.0257904310911492 -4.26532220370523 2.89541939422394
95100 -4.2392591090744 0.0260409554145419 -4.26530006448894 2.89519216020336
95200 -4.23953539036815 0.0259150987557075 -4.26545048912385 2.89475879960824
95300 -4.23949190929069 0.025715023789527 -4.26520693308021 2.89471682152066
95400 -4.23979200728605 0.0257971860711936 -4.26558919335724 2.89420406930417
95500 -4.24020245695835 0.0257106677971713 -4.26591312475552 2.89463153213678
95600 -4.23960572687174 0.0258931897042001 -4.26549891657594 2.89539999361082
95700 -4.23978458616635 0.0256666644339959 -4.26545125060034 2.89499608492416
95800 -4.23934655685828 0.0258175785525792 -4.26516413541086 2.89472569277065
95900 -4.23874233838299 0.0259017814901368 -4.26464411987313 2.89486601609138
96000 -4.2399968029912 0.0258859446219645 -4.26588274761317 2.89429140850743
96100 -4.23938223983976 0.0257812271150423 -4.2651634669548 2.89514192046439
96200 -4.2393400349444 0.0261202997229708 -4.26546033466737 2.89498193025239
96300 -4.23968434492606 0.0255126503326701 -4.26519699525873 2.89499209260205
96400 -4.23930388908995 0.02583999133921 -4.26514388042916 2.89439406474055
96500 -4.23995595880647 0.0257163575567523 -4.26567231636322 2.89410256676735
96600 -4.23951657366757 0.0257392170175286 -4.26525579068509 2.89524761501955
96700 -4.23965005754415 0.025856600359513 -4.26550665790366 2.89514762717972
96800 -4.23959120483334 0.0257089120105049 -4.26530011684385 2.89501826572888
96900 -4.23905693754845 0.0256674945794121 -4.26472443212786 2.89500839512268
97000 -4.23936055943208 0.0258335083732904 -4.26519406780537 2.89474161636369
97100 -4.23987906037231 0.0260793728298249 -4.26595843320213 2.89433345684458
97200 -4.24034112309105 0.0255296799967342 -4.26587080308779 2.89472955917458
97300 -4.23957386488119 0.0257572885758496 -4.26533115345704 2.8952313890992
97400 -4.23977041764496 0.0260113572171024 -4.26578177486207 2.89424211504759
97500 -4.23953218923309 0.0259911036976936 -4.26552329293078 2.89409026156594
97600 -4.24009105030937 0.0254667271267652 -4.26555777743614 2.89439683555839
97700 -4.23978870057712 0.0253258648849245 -4.26511456546204 2.89508348298234
97800 -4.23995263612053 0.0255146193073861 -4.26546725542792 2.89481549781322
97900 -4.23996857907806 0.0258012662208297 -4.26576984529889 2.89453137547347
98000 -4.23945483820885 0.0262267363631261 -4.26568157457198 2.89448086711571
98100 -4.23974867187551 0.025883603328934 -4.26563227520444 2.89442450518105
98200 -4.23898735543613 0.0260436021201358 -4.26503095755626 2.89548645612665
98300 -4.23970966630146 0.0255707519973764 -4.26528041829883 2.89543456973214
98400 -4.23996004568066 0.0255908935249877 -4.26555093920565 2.89477840341752
98500 -4.23936308658198 0.025911132434151 -4.26527421901613 2.89452131514841
98600 -4.23920982931975 0.0259241742097951 -4.26513400352955 2.89474693784352
98700 -4.23935333673368 0.0258538563245406 -4.26520719305822 2.89489227567148
98800 -4.24010083644553 0.0257709286056192 -4.26587176505114 2.89441789192812
98900 -4.24011827960289 0.0254014896222327 -4.26551976922512 2.89474048216477
99000 -4.23939535730674 0.0261058975164634 -4.2655012548232 2.89465798114549
99100 -4.23975193958238 0.0258125585100255 -4.2655644980924 2.89406344338202
99200 -4.23961297106006 0.0257516945473075 -4.26536466560737 2.89459760305601
99300 -4.23929416880982 0.0258534841227659 -4.26514765293259 2.8951788230919
99400 -4.23948719150477 0.0259920411330558 -4.26547923263783 2.89482077990589
99500 -4.23964069198031 0.0257292233469994 -4.26536991532731 2.89483395316638
99600 -4.23929611365434 0.0258638770185867 -4.26515999067293 2.89487679926722
99700 -4.23990069920977 0.0256405279994594 -4.26554122720922 2.8946024461143
99800 -4.23961229902681 0.0258805168786525 -4.26549281590546 2.89489301719956
99900 -4.24036200934166 0.0257442194425826 -4.26610622878424 2.89488870873893
100000 -4.23996883137688 0.0254306863396953 -4.26539951771657 2.89491046706844
