step E [eV/atom] ke [eV/atom] pe [eV/atom] latparam
100 -4.23236677153675 0.0293797842564934 -4.26174655579324 2.89736410414715
200 -4.21967343560461 0.0359252984998313 -4.25559873410444 2.90160865927552
300 -4.21516927116094 0.0373306166663384 -4.25249988782727 2.90354844329867
400 -4.21460239804771 0.0383448680770095 -4.25294726612472 2.90323684879019
500 -4.21408518131857 0.0383866579107044 -4.25247183922927 2.90350662843262
600 -4.2137085856641 0.0384023226863149 -4.25211090835042 2.9037875861102
700 -4.2138015478023 0.038712934916192 -4.2525144827185 2.90363383135284
800 -4.21432233085836 0.0383659021550315 -4.2526882330134 2.90336422070858
900 -4.2146240769202 0.0376794784309911 -4.25230355535119 2.90289747578595
1000 -4.21392082193276 0.038030827980391 -4.25195164991315 2.90275870888265
1100 -4.2138824533768 0.0385178743977282 -4.25240032777453 2.90328296866401
1200 -4.21353770381844 0.0382230568370326 -4.25176076065548 2.90414947588102
1300 -4.21403928586309 0.0386517281759334 -4.25269101403903 2.90349937050358
1400 -4.21303779306528 0.0386759424524256 -4.2517137355177 2.90386028326423
1500 -4.2135939260053 0.0382462615807729 -4.25184018758607 2.90361152970018
1600 -4.21321967354944 0.0391842429548218 -4.25240391650426 2.90318115633602
1700 -4.21351317124534 0.0384486997547138 -4.25196187100005 2.90414016365107
1800 -4.21372165876001 0.0384223490841032 -4.25214400784412 2.90438219989156
1900 -4.21395554211234 0.0384245914192268 -4.25238013353157 2.90379487185425
2000 -4.21278592938764 0.0388182710305912 -4.25160420041823 2.90410860559366
2100 -4.21363346600981 0.0385718792769662 -4.25220534528678 2.90358704302524
2200 -4.21430131331501 0.0384926654330564 -4.25279397874807 2.90321350656292
2300 -4.21306019885884 0.0388803768385478 -4.25194057569739 2.90379780590388
2400 -4.21306951194243 0.0393825077864518 -4.25245201972888 2.90428651738905
2500 -4.21329291298448 0.0391291461262542 -4.25242205911073 2.90478049033902
2600 -4.21289803373918 0.0388125339357758 -4.25171056767495 2.90411493027749
2700 -4.21353104875836 0.0388500269786364 -4.252381075737 2.90330809789215
2800 -4.21302350038525 0.0387342253912265 -4.25175772577648 2.9037218538191
2900 -4.21319070508984 0.0390047698441161 -4.25219547493396 2.9037181256216
3000 -4.21242637101644 0.0395306819719889 -4.25195705298843 2.90405549795717
3100 -4.21268651955119 0.0391614425065793 -4.25184796205777 2.90451464698695
3200 -4.2132240447446 0.0381860230269006 -4.2514100677715 2.90408060162838
3300 -4.21221197376603 0.0391031593620246 -4.25131513312805 2.90373303376595
3400 -4.21339133005084 0.0386646373952595 -4.2520559674461 2.90350355484577
3500 -4.21365457557746 0.0386072438029803 -4.25226181938045 2.9038834046508
3600 -4.21420262854558 0.0382548273960236 -4.2524574559416 2.90361133558515
3700 -4.21371718125307 0.0385033197328875 -4.25222050098596 2.9038537442259
3800 -4.21331112817179 0.0386270514600121 -4.2519381796318 2.90384422090407
3900 -4.21300296288311 0.0387333431104408 -4.25173630599355 2.90307676774319
4000 -4.21317381122939 0.0391134277462584 -4.25228723897565 2.90269739161761
4100 -4.21339611156684 0.0384633723783498 -4.25185948394519 2.90384445664027
4200 -4.21217827787248 0.0398857216626972 -4.25206399953518 2.90407621961733
4300 -4.21329427611439 0.0388621337262941 -4.25215640984068 2.90375105305798
4400 -4.21448626642373 0.0383534843286531 -4.25283975075239 2.90315859709431
4500 -4.21350347731331 0.0386681182997551 -4.25217159561307 2.90337779328682
4600 -4.21342907551576 0.0385977150830703 -4.25202679059883 2.90332595135651
4700 -4.21297520667804 0.0393676033362716 -4.25234281001431 2.90418609570498
4800 -4.21309133741241 0.039068851765025 -4.25216018917743 2.90432396565587
4900 -4.21313032383022 0.03909860606522 -4.25222892989544 2.90379165074461
5000 -4.21352100130511 0.0386447240339607 -4.25216572533907 2.90360489219276
5100 -4.21369671750544 0.0388682442875546 -4.25256496179299 2.90326024866862
5200 -4.21307584725175 0.0390215937804825 -4.25209744103224 2.90376225162996
5300 -4.21284722499826 0.0386710723107066 -4.25151829730897 2.90445505820038
5400 -4.21364648353319 0.0388266002127281 -4.25247308374592 2.90453431766062
5500 -4.21348895161928 0.038687819698075 -4.25217677131735 2.90422063360689
5600 -4.21344144159515 0.0389851298236068 -4.25242657141876 2.90332093103435
5700 -4.21340498390777 0.0393083259638692 -4.25271330987164 2.90326395626304
5800 -4.2141351896381 0.0387458600223189 -4.25288104966041 2.90324543022512
5900 -4.21338728439784 0.0383987014239571 -4.2517859858218 2.90379919774133
6000 -4.21336425137117 0.0393662139423094 -4.25273046531348 2.90363965350766
6100 -4.21369079862418 0.0382979007043663 -4.25198869932855 2.9044843597966
6200 -4.21269689266209 0.0394995841187495 -4.25219647678084 2.90413811621488
6300 -4.21366761793886 0.0389819042210026 -4.25264952215986 2.90313689742496
6400 -4.21379520025847 0.0388523181018117 -4.25264751836029 2.90317579741435
6500 -4.21325517329735 0.0387336701378669 -4.25198884343522 2.90377716033235
6600 -4.21398619895123 0.0384430065726743 -4.2524292055239 2.90363201447026
6700 -4.21502950369794 0.037833364476357 -4.2528628681743 2.90332719445125
6800 -4.21369134225354 0.0383661608673599 -4.2520575031209 2.90355538596867
6900 -4.21413703718938 0.0386321656554287 -4.25276920284481 2.90269666897102
7000 -4.21318670189219 0.0390659476318967 -4.25225264952409 2.90292145499913
7100 -4.21306376596803 0.0387476452997386 -4.25181141126777 2.90416714112016
7200 -4.21193092907667 0.0391479202179195 -4.25107884929459 2.90473815941281
7300 -4.2131712556003 0.0389354747936317 -4.25210673039393 2.90399761414013
7400 -4.21271585503134 0.0388616503881859 -4.25157750541953 2.90400516021164
7500 -4.21274212550725 0.0388292877416166 -4.25157141324886 2.90367815911574
7600 -4.21270274827163 0.0391407836199969 -4.25184353189162 2.90341039514581
7700 -4.21253349389418 0.0396256938606562 -4.25215918775484 2.90415749275731
7800 -4.21305525426135 0.0390119595345581 -4.25206721379591 2.90439725307045
7900 -4.21262982940978 0.0388018835192436 -4.25143171292902 2.90438572547234
8000 -4.21300053155326 0.0386684210548904 -4.25166895260815 2.90385106730486
8100 -4.21324254967931 0.0386343852457481 -4.25187693492506 2.90336868654133
8200 -4.2139498449395 0.0390087594564333 -4.25295860439594 2.90271118701436
8300 -4.21294981226238 0.0393444053305892 -4.25229421759297 2.90410862054536
8400 -4.21290718986399 0.0391105850454227 -4.25201777490942 2.90430860800622
8500 -4.21285451686436 0.0387299931175499 -4.25158450998191 2.90433352740716
8600 -4.21249779509937 0.038987660282509 -4.25148545538188 2.90386879012046
8700 -4.21288642755845 0.038871587265097 -4.25175801482355 2.90328553105483
8800 -4.21291664203214 0.0390511328837232 -4.25196777491587 2.90361835540089
8900 -4.21317568037694 0.0386386266855588 -4.2518143070625 2.90439255259411
9000 -4.21312860944192 0.0385911150734706 -4.25171972451539 2.90467290656671
9100 -4.2142719643062 0.0384056808318554 -4.25267764513806 2.9037316694304
9200 -4.21351640359649 0.0384517188780048 -4.25196812247449 2.90344583632876
9300 -4.2132838673874 0.0384113904693155 -4.25169525785672 2.90362799690803
9400 -4.21226172718603 0.0396119199433698 -4.2518736471294 2.90373320594259
9500 -4.21318562885785 0.0389278878913956 -4.25211351674924 2.90378378459952
9600 -4.2126316749448 0.0390992302539309 -4.25173090519873 2.90434117017315
9700 -4.21296717788644 0.0391464440906409 -4.25211362197708 2.90378882003766
9800 -4.21324332765278 0.0389942422175007 -4.25223756987028 2.90305384693167
9900 -4.21302349193742 0.0388044464927932 -4.25182793843022 2.90341289985415
10000 -4.21353296632591 0.0386814348543539 -4.25221440118027 2.90348449743411
10100 -4.21350625191276 0.0385042304415202 -4.25201048235428 2.90396379116952
10200 -4.21334627380969 0.0389645964345814 -4.25231087024428 2.90382559664837
10300 -4.21311659565411 0.0389761606927548 -4.25209275634687 2.90375823637948
10400 -4.21326132786495 0.0393643617754872 -4.25262568964043 2.90315193865751
10500 -4.21462227821974 0.0386021608508469 -4.25322443907059 2.90265197716988
10600 -4.21360402261997 0.0387006917264824 -4.25230471434646 2.90363157473023
10700 -4.21259935922055 0.0394172493020621 -4.25201660852261 2.90439748507551
10800 -4.21312395374905 0.0391076880277889 -4.25223164177683 2.90405755793648
10900 -4.21396077065547 0.0378746194970662 -4.25183539015254 2.90372560473689
11000 -4.21287158723742 0.0397155096006276 -4.25258709683805 2.9033908337192
11100 -4.21391662397028 0.0383399496736546 -4.25225657364393 2.90350547399002
11200 -4.21413006724172 0.0379485406578714 -4.25207860789959 2.90324348318727
11300 -4.21319406961169 0.0387757548925567 -4.25196982450425 2.90370240899969
11400 -4.21388109634034 0.0378484700695586 -4.2517295664099 2.90450504879494
11500 -4.21262655376591 0.0391224996314123 -4.25174905339732 2.9044005890015
11600 -4.2124700367273 0.0394143786702778 -4.25188441539758 2.90397206954972
11700 -4.21232546936511 0.0395458406692581 -4.25187131003436 2.90326968704219
11800 -4.21304549599647 0.0392331956925137 -4.25227869168899 2.90323401641989
11900 -4.21358195063601 0.0385349875115572 -4.25211693814756 2.90387723330581
12000 -4.21374406940397 0.0386052038817405 -4.25234927328571 2.90414556119607
12100 -4.21403610812663 0.0382600840333148 -4.25229619215995 2.90434360773228
12200 -4.21426285941359 0.0388308194970291 -4.25309367891061 2.90318494312796
12300 -4.21416798926321 0.0384049021586396 -4.25257289142185 2.90317955795797
12400 -4.21255417752263 0.0391282374858698 -4.2516824150085 2.90375895923314
12500 -4.21328825523979 0.0395609558374184 -4.25284921107721 2.90331232680976
12600 -4.21385551352617 0.0386496928344062 -4.25250520636058 2.90432633007209
12700 -4.21390536712018 0.0383282258943393 -4.25223359301452 2.90425839554991
12800 -4.21366375813443 0.0386345832628429 -4.25229834139727 2.90346934471346
12900 -4.21368101953799 0.0387887670292955 -4.25246978656729 2.90322704603733
13000 -4.2135752676595 0.0386865791087193 -4.25226184676822 2.90322927762817
13100 -4.2140483271441 0.0383500424179395 -4.25239836956204 2.90345637807285
13200 -4.213703478981 0.0387805188046713 -4.25248399778567 2.90403839787274
13300 -4.21311069397264 0.0393322988787163 -4.25244299285136 2.9045329707491
13400 -4.21288577216731 0.0391233540114799 -4.25200912617879 2.9039463646679
13500 -4.21424625212956 0.0385078015615852 -4.25275405369114 2.90300336074829
13600 -4.21274926382529 0.0389831585593198 -4.25173242238461 2.90361934826953
13700 -4.21276958704374 0.0388607046920216 -4.25163029173576 2.90404540744281
13800 -4.21297919837571 0.0389617239424741 -4.25194092231819 2.90458806702592
13900 -4.21346357700476 0.0386371146096636 -4.25210069161442 2.90496403690326
14000 -4.21324948950355 0.0387969090867166 -4.25204639859027 2.90370176128093
14100 -4.21287634822664 0.0395246531139436 -4.25240100134059 2.90330205251212
14200 -4.21372510399653 0.0386215988751185 -4.25234670287165 2.90333360912977
14300 -4.21484295152924 0.0383168341107472 -4.25315978563999 2.90273248971793
14400 -4.21384835675384 0.0381058486224976 -4.25195420537634 2.90425378880899
14500 -4.21391231723182 0.0388447685715994 -4.25275708580342 2.90419047682672
14600 -4.21430463828796 0.038405819270136 -4.25271045755809 2.90339086734096
14700 -4.21365346442404 0.0381691844401303 -4.25182264886417 2.90378921066665
14800 -4.21429185794728 0.0390964328364717 -4.25338829078375 2.90247515261068
14900 -4.21447244832804 0.0382727503604274 -4.25274519868847 2.90282709033594
15000 -4.21374981992456 0.0396277556346631 -4.25337757555922 2.90312920526736
15100 -4.21406888815568 0.0385253618389891 -4.25259424999467 2.90369289288413
15200 -4.21375295070179 0.0388211376109885 -4.25257408831278 2.90368783615746
15300 -4.21394486997544 0.0383578698496858 -4.25230273982513 2.90359012263117
15400 -4.21270214734001 0.0392257139114332 -4.25192786125144 2.90350352698425
15500 -4.2120838869858 0.0392904433890878 -4.25137433037489 2.90343654996826
15600 -4.21296776499093 0.0392175187146578 -4.25218528370558 2.9038389273972
15700 -4.21385305614563 0.0387457098716068 -4.25259876601723 2.90409002772693
15800 -4.21309257539177 0.038980465219128 -4.2520730406109 2.90426416385667
15900 -4.21389377041402 0.039059627202669 -4.25295339761669 2.9032038822228
16000 -4.21380382643954 0.0383202025356818 -4.25212402897523 2.9032240560314
16100 -4.21385400441645 0.0386975127764608 -4.25255151719291 2.9029052521922
16200 -4.2136137698325 0.0389194269766334 -4.25253319680914 2.90347612104309
16300 -4.21277095550489 0.0393421689822157 -4.25211312448711 2.90430698067081
16400 -4.21237516973466 0.0391680576971918 -4.25154322743185 2.90452466422606
16500 -4.21365338344569 0.0389001614307727 -4.25255354487646 2.90329452817362
16600 -4.21290191891085 0.0391368890202583 -4.25203880793111 2.90360802965514
16700 -4.21303291603445 0.0396139256168728 -4.25264684165132 2.90313548478795
16800 -4.21329831880526 0.0392838151799753 -4.25258213398524 2.90398427805698
16900 -4.21396404555965 0.0381524934255292 -4.25211653898518 2.90450237626469
17000 -4.21242463299289 0.0390969463768161 -4.25152157936971 2.90453019286955
17100 -4.21313513821455 0.0382874824346035 -4.25142262064916 2.90401518744745
17200 -4.21295472365858 0.0392051994416914 -4.25215992310028 2.90339960355058
17300 -4.21320613280124 0.0393645106127327 -4.25257064341397 2.90330789931077
17400 -4.21285885644166 0.0396008351231718 -4.25245969156483 2.90390559191489
17500 -4.21343700396972 0.0388959436576496 -4.25233294762737 2.90419801027467
17600 -4.21304887995578 0.038899722902543 -4.25194860285832 2.90404583457552
17700 -4.21331197420041 0.0391400531628684 -4.25245202736328 2.9030870043855
17800 -4.2137644915267 0.0389076479365513 -4.25267213946325 2.90252390606794
17900 -4.21345864246505 0.0385969237527326 -4.25205556621778 2.90359098508361
18000 -4.21305586316367 0.0385601254022788 -4.25161598856595 2.90424405727473
18100 -4.21400624772411 0.0383661498631439 -4.25237239758726 2.90393430242079
18200 -4.2146652741923 0.0383851280417834 -4.25305040223408 2.90329056575233
18300 -4.21393187567086 0.038401495664686 -4.25233337133554 2.9031970083138
18400 -4.21494318393345 0.0379402462503132 -4.25288343018376 2.9022145887677
18500 -4.21440727977688 0.0378902601307655 -4.25229753990764 2.90323039659826
18600 -4.2141969762568 0.0385494269544984 -4.2527464032113 2.90337801448783
18700 -4.21334454964023 0.0388857491122055 -4.25223029875244 2.90416611226849
18800 -4.21316556244894 0.0386262703136735 -4.25179183276262 2.90440616859212
18900 -4.21294838276165 0.0388625475520741 -4.25181093031372 2.90391928509817
19000 -4.21238980920513 0.0392110961816945 -4.25160090538682 2.9037516309068
19100 -4.21277589197752 0.0385578592056044 -4.25133375118313 2.90372906936609
19200 -4.21338656960828 0.0383262867448499 -4.25171285635313 2.9039134029043
19300 -4.21331984668415 0.0390588798599573 -4.25237872654411 2.90442095139944
19400 -4.21320325661462 0.0389396839889937 -4.25214294060361 2.90420822700815
19500 -4.21306384840866 0.0386547949894637 -4.25171864339813 2.9038902627095
19600 -4.21328589418758 0.0392778426789404 -4.25256373686652 2.90318014949474
19700 -4.21421138190391 0.0382078597682953 -4.25241924167221 2.90319567096576
19800 -4.21367125054943 0.0387728562006649 -4.25244410675009 2.90367147951239
19900 -4.21426102682494 0.0386344193595691 -4.2528954461845 2.90384349923326
20000 -4.21368752718107 0.038866324127552 -4.25255385130862 2.90390240289821
20100 -4.2134198937379 0.0385542286900422 -4.25197412242794 2.90382537239251
20200 -4.2138826791386 0.0383091280343446 -4.25219180717295 2.90337403024256
20300 -4.21404690282408 0.0383872450524868 -4.25243414787657 2.90288569016952
20400 -4.21301057851139 0.0386977858456843 -4.25170836435708 2.90410341131305
20500 -4.21333047177353 0.0385910466341741 -4.2519215184077 2.90457584521383
20600 -4.21328258110336 0.0390307778069266 -4.25231335891029 2.90393103004438
20700 -4.213173596327 0.0386080116613289 -4.25178160798833 2.90389319611926
20800 -4.21237236736041 0.0389581094383721 -4.25133047679879 2.90362037696005
20900 -4.21375024823985 0.0389161563067421 -4.25266640454659 2.90284730701584
21000 -4.21233701894147 0.0389406416376659 -4.25127766057914 2.90473365638872
21100 -4.21414706399868 0.038448974683188 -4.25259603868187 2.90406646849097
21200 -4.21404853433549 0.0386556904747515 -4.25270422481024 2.90380371499228
21300 -4.21335544318353 0.0390726062617452 -4.25242804944528 2.90333284129315
21400 -4.21409102992268 0.0386114007907928 -4.25270243071347 2.90304663224678
21500 -4.21325871219375 0.0391955263074067 -4.25245423850115 2.90300785228097
21600 -4.21355907938284 0.0382169718460107 -4.25177605122885 2.90436761240702
21700 -4.2144590419797 0.0381510463779631 -4.25261008835766 2.90414520265286
21800 -4.21408976054898 0.0385360508298115 -4.25262581137879 2.90381108992524
21900 -4.21343316947414 0.0386401375573791 -4.25207330703152 2.90365268347963
22000 -4.21376860288088 0.0386385822248281 -4.25240718510571 2.90313349879528
22100 -4.21300161570647 0.0390547007723952 -4.25205631647886 2.90293969668397
22200 -4.21340494813131 0.0390523969242152 -4.25245734505553 2.90363291190631
22300 -4.21288088616788 0.0387252629967186 -4.25160614916459 2.90440883956522
22400 -4.21305246744506 0.0384038145253727 -4.25145628197043 2.90442827956585
22500 -4.21284944260073 0.0388643019937811 -4.25171374459451 2.90394547801546
22600 -4.21469828406892 0.0383834588848258 -4.25308174295375 2.90246582905625
22700 -4.21340840959537 0.0390231574814901 -4.25243156707686 2.90264451700559
22800 -4.21345556283069 0.0379019545009321 -4.25135751733162 2.90420458611768
22900 -4.21269595841878 0.0396529220945752 -4.25234888051336 2.90386894006932
23000 -4.21269020995637 0.0389168835318891 -4.25160709348825 2.90439211777338
23100 -4.21370440167945 0.0385598939693935 -4.25226429564884 2.90378174761956
23200 -4.21362474642443 0.0384970146521454 -4.25212176107658 2.90290950840161
23300 -4.21424065222209 0.0388853144269279 -4.25312596664902 2.90241255714694
23400 -4.21234792844822 0.0391167736018693 -4.25146470205009 2.90421094978653
23500 -4.21298941171414 0.0391961399946644 -4.2521855517088 2.90386601520307
23600 -4.21318987899472 0.0394469545471945 -4.25263683354191 2.90379162235541
23700 -4.21438630148353 0.0382761241174287 -4.25266242560096 2.90359145768605
23800 -4.2139274126857 0.0385914383498491 -4.25251885103555 2.90287113093878
23900 -4.21282407979492 0.039135324269773 -4.25195940406469 2.90333733540639
24000 -4.21389829227502 0.0381868429630318 -4.25208513523806 2.90364811496835
24100 -4.21358270940937 0.0390205732632882 -4.25260328267266 2.90386789064723
24200 -4.21298673193142 0.0386872727229664 -4.25167400465438 2.90444664229242
24300 -4.21364844968786 0.0388051697593767 -4.25245361944724 2.90374224844066
24400 -4.21285533202265 0.0389365119627487 -4.2517918439854 2.90323485745601
24500 -4.21365747405757 0.0388544040969452 -4.25251187815452 2.90291762917565
24600 -4.21456605437275 0.0380859471013269 -4.25265200147408 2.90339625412021
24700 -4.21376004269875 0.0384185897834083 -4.25217863248216 2.9039537805967
24800 -4.21292351049379 0.0395502035960507 -4.25247371408984 2.90403714733133
24900 -4.21273315379322 0.0392205864020254 -4.25195374019524 2.9042859129719
25000 -4.21251687931908 0.038912395271836 -4.25142927459091 2.90339166212782
25100 -4.21350082691108 0.0385274564793934 -4.25202828339047 2.9033715301935
25200 -4.21152201386368 0.0396217371209861 -4.25114375098466 2.90435634672056
25300 -4.21182627030651 0.0396914512428501 -4.25151772154936 2.9044658188968
25400 -4.21355509606827 0.0389799845547761 -4.25253508062304 2.90425639369653
25500 -4.21446661783738 0.0383513394621377 -4.25281795729952 2.90293094334273
25600 -4.21399169601651 0.0393545257575343 -4.25334622177405 2.90256394829589
25700 -4.21289719954469 0.0391194157283018 -4.25201661527299 2.90356158445544
25800 -4.21393175481891 0.0386091230501472 -4.25254087786906 2.90355809081046
25900 -4.21353905834465 0.0388725634102031 -4.25241162175486 2.9043802956314
26000 -4.21349103378978 0.038263564300206 -4.25175459808998 2.9050166536536
26100 -4.21297950902949 0.0391169905007844 -4.25209649953027 2.90346148102406
26200 -4.21280890698975 0.039372986356262 -4.25218189334601 2.90339209810896
26300 -4.21355923011088 0.0386120457736349 -4.25217127588451 2.90346787609504
26400 -4.21288702133672 0.0390454132481728 -4.2519324345849 2.90402507783548
26500 -4.21346604269056 0.0384476782453915 -4.25191372093595 2.9049043315476
26600 -4.21321184132421 0.0389285301310517 -4.25214037145526 2.90425293887395
26700 -4.21322340520639 0.0386756373044034 -4.2518990425108 2.90368574573024
26800 -4.21317820390989 0.0387261683585359 -4.25190437226843 2.90332861444893
26900 -4.21236467042893 0.0392231534536448 -4.25158782388258 2.90370902156453
27000 -4.21340538167395 0.0382961041960022 -4.25170148586995 2.90437277179518
27100 -4.21262389760436 0.0391712205696152 -4.25179511817397 2.90485658553221
27200 -4.2135320026711 0.0386768305332612 -4.25220883320437 2.90410043955038
27300 -4.21345270309619 0.0389508000726449 -4.25240350316884 2.90353655246954
27400 -4.21446116348958 0.0379167334238672 -4.25237789691345 2.90335678900668
27500 -4.21387101149944 0.0389992058614743 -4.25287021736091 2.90314825018204
27600 -4.21279959529331 0.0390717889342012 -4.25187138422752 2.90422022540066
27700 -4.21369008399097 0.0382973817348662 -4.25198746572584 2.90464160926974
27800 -4.21387888318045 0.0385591659855722 -4.25243804916603 2.90396999272923
27900 -4.21427806997136 0.0381008087270732 -4.25237887869844 2.90344535705208
28000 -4.21448197146751 0.0379893308667411 -4.25247130233425 2.90316079869847
28100 -4.21297609427255 0.0389564517683989 -4.25193254604095 2.90346353285013
28200 -4.21265395183595 0.0389521857614875 -4.25160613759744 2.90361304971033
28300 -4.21338166755319 0.0390704461797585 -4.25245211373294 2.90392876301666
28400 -4.21377862707556 0.0383953305879619 -4.25217395766353 2.90411813154919
28500 -4.21338698307007 0.0392497302802224 -4.25263671335029 2.90353331054741
28600 -4.21338488259217 0.0390029275589044 -4.25238781015108 2.90349137794415
28700 -4.21379377613593 0.0381797187302772 -4.25197349486621 2.90293763807083
28800 -4.21398115601257 0.038699102355522 -4.25268025836809 2.90277483782111
28900 -4.21388973712953 0.0379437037654943 -4.25183344089503 2.90426589877655
29000 -4.2126028916243 0.0391978379649402 -4.25180072958924 2.90420667117351
29100 -4.2137300190285 0.038818121175347 -4.25254814020385 2.90369085476618
29200 -4.21336016039978 0.0390488303213333 -4.25240899072111 2.90347619845581
29300 -4.21190357337739 0.039075822893889 -4.25097939627128 2.90324296694575
29400 -4.21314933049107 0.0393042101889015 -4.25245354067998 2.90324846754273
29500 -4.21334217875775 0.0393508214067309 -4.25269300016448 2.90362692517571
29600 -4.21376483822427 0.038265794293537 -4.2520306325178 2.9041891962587
29700 -4.21344878086659 0.0388998999317206 -4.25234868079831 2.90386881078132
29800 -4.21324867309741 0.0390240290146926 -4.2522727021121 2.90314716446234
29900 -4.21273252531221 0.0393481755085047 -4.25208070082072 2.90309034692305
30000 -4.21332509031108 0.0390062648466496 -4.25233135515773 2.90351404940814
30100 -4.21340186906226 0.038806576532881 -4.25220844559514 2.90390424246689
30200 -4.21355217661506 0.0390759993567062 -4.25262817597177 2.90364646079902
30300 -4.21373501080053 0.03914806034675 -4.25288307114728 2.90333951789027
30400 -4.21350462461883 0.0387395705984852 -4.25224419521731 2.90322479068712
30500 -4.21356068939545 0.038499589059577 -4.25206027845503 2.90290073290196
30600 -4.21318839358343 0.0389461833609747 -4.2521345769444 2.9034472548622
30700 -4.21384232079413 0.0386378650800753 -4.2524801858742 2.90389684929108
30800 -4.21414149538664 0.0383323788666582 -4.2524738742533 2.90394394186214
30900 -4.21451685711931 0.0381207624096449 -4.25263761952895 2.90355730095356
31000 -4.21379143387659 0.0386046873930398 -4.25239612126963 2.90320544223048
31100 -4.21328718725528 0.0390559345659307 -4.25234312182121 2.90297492099786
31200 -4.21371312403726 0.0392084604454216 -4.25292158448268 2.90267345917363
31300 -4.21263238264294 0.0390098909347528 -4.25164227357769 2.90442514801104
31400 -4.21275462182961 0.0387497832074365 -4.25150440503705 2.90441797008181
31500 -4.2137774762698 0.0381157473205399 -4.25189322359034 2.90377818706589
31600 -4.21407235357654 0.0378950302787161 -4.25196738385526 2.90328045278934
31700 -4.21358495392002 0.0386831276656067 -4.25226808158563 2.90291567235186
31800 -4.21419173055272 0.038621752262978 -4.2528134828157 2.90351649901105
31900 -4.21378984489794 0.038599187558 -4.25238903245594 2.90376996545889
32000 -4.21347590418684 0.0384205892985686 -4.25189649348541 2.90395703959417
32100 -4.21395542757675 0.0385486923264235 -4.25250411990318 2.90340219200346
32200 -4.21212549267846 0.0399351064402364 -4.2520605991187 2.90330988327305
32300 -4.21158314760134 0.0395718303801578 -4.2511549779815 2.90398671518383
32400 -4.21319728691509 0.0390351061896868 -4.25223239310478 2.90382496218696
32500 -4.21219477047574 0.0387381596707861 -4.25093293014653 2.90511550177603
32600 -4.21249382853937 0.0386131923943731 -4.25110702093374 2.90459001340634
32700 -4.21276882660702 0.0395257859253297 -4.25229461253235 2.90351435661108
32800 -4.21212773666024 0.0398781703936418 -4.25200590705388 2.90351716351802
32900 -4.21229760689436 0.0391463356054912 -4.25144394249986 2.90398953048776
33000 -4.21345039097015 0.0388611154323999 -4.25231150640256 2.9039143764423
33100 -4.21310366138609 0.0391891267228995 -4.25229278810899 2.90461224359739
33200 -4.21339896088316 0.0389241371222859 -4.25232309800544 2.90409733195872
33300 -4.2131792476108 0.0384889350029996 -4.2516681826138 2.90391777641792
33400 -4.21283983716562 0.0389793999118688 -4.25181923707749 2.90352836083161
33500 -4.21254735146686 0.0392367371210612 -4.25178408858792 2.90385364380677
33600 -4.21321382871631 0.0389022465932327 -4.25211607530954 2.90453274987844
33700 -4.21330586113535 0.0387339759431119 -4.25203983707847 2.90466957520723
33800 -4.21408720599568 0.0383596680236881 -4.25244687401937 2.90384670905689
33900 -4.21299903913571 0.0392280213841542 -4.25222706051986 2.90366474939736
34000 -4.21269212684117 0.0394207855211556 -4.25211291236233 2.90352816508292
34100 -4.21316504174942 0.0390848343536131 -4.25224987610303 2.90353955975961
34200 -4.21303607448777 0.0389503582176653 -4.25198643270544 2.90438206412958
34300 -4.2137374262627 0.0385275322683821 -4.25226495853108 2.90422628641114
34400 -4.21349927222621 0.0385769198879258 -4.25207619211414 2.9037903355571
34500 -4.21244485319055 0.0399441450898254 -4.25238899828037 2.90331243896968
34600 -4.21382199191711 0.0383282511407159 -4.25215024305783 2.90330362221559
34700 -4.2135674190924 0.0389971350147274 -4.25256455410712 2.90357589598635
34800 -4.21371185106045 0.0377842646123708 -4.25149611567282 2.90475238495827
34900 -4.21345375528942 0.0385847976107336 -4.25203855290016 2.90405814041587
35000 -4.21342871403984 0.0387421153628734 -4.25217082940271 2.90364693370354
35100 -4.21330554481386 0.0389632370289398 -4.25226878184279 2.9032390108546
35200 -4.21253492222457 0.0390934766912923 -4.25162839891586 2.90300029893567
35300 -4.21295751371231 0.0392099463716695 -4.25216746008398 2.9040373855947
35400 -4.2133465926566 0.0389392706756233 -4.25228586333223 2.90419280651624
35500 -4.21432510606341 0.0383786517332941 -4.25270375779671 2.90377168092068
35600 -4.21416509662807 0.0390050925254289 -4.2531701891535 2.90305096711932
35700 -4.21315304486244 0.0391803233491725 -4.25233336821161 2.90289555907207
35800 -4.21306601406762 0.0387726325027954 -4.25183864657042 2.90339638095951
35900 -4.21281667672299 0.0395533580797167 -4.25237003480271 2.90381133018237
36000 -4.21241445090073 0.0390830988573172 -4.25149754975805 2.90442845338895
36100 -4.21328357135096 0.0387845951243965 -4.25206816647536 2.90389845348821
36200 -4.21339793517568 0.0384450842663669 -4.25184301944205 2.90382347078222
36300 -4.21299884642164 0.0386412952083206 -4.25164014162997 2.90347368385926
36400 -4.21232672322335 0.0396305459069286 -4.25195726913028 2.9036841287872
36500 -4.21410678244228 0.0385505457439426 -4.25265732818622 2.90381393930076
36600 -4.21415748800787 0.0381270272871171 -4.25228451529499 2.90399433824083
36700 -4.21425695852529 0.0381981537999457 -4.25245511232524 2.90370033858648
36800 -4.21294828702927 0.0389906187115739 -4.25193890574084 2.90378903303803
36900 -4.21402584679931 0.0383515471332974 -4.2523773939326 2.90343708896411
37000 -4.21410474102928 0.0384680954831034 -4.25257283651239 2.9033689349372
37100 -4.21423098816343 0.0386024483874484 -4.25283343655087 2.90342127002147
37200 -4.21404233410025 0.0388812898752239 -4.25292362397548 2.90391879044141
37300 -4.21417167507179 0.0383867873150128 -4.2525584623868 2.90397484040362
37400 -4.21256951691977 0.0391917171425535 -4.25176123406233 2.9036709228827
37500 -4.21263994373015 0.038958224803709 -4.25159816853386 2.90381265720353
37600 -4.21275799254027 0.0387328388631253 -4.2514908314034 2.90389327056391
37700 -4.21312880943612 0.0392184827866573 -4.25234729222278 2.90363872760622
37800 -4.21225880894198 0.0387251344589505 -4.25098394340093 2.90493499546593
37900 -4.21338045391324 0.038469311162472 -4.25184976507571 2.90435054105215
38000 -4.21388047996658 0.0383572907241402 -4.25223777069072 2.90338203538421
38100 -4.21367399166025 0.0390230878413769 -4.25269707950163 2.90287622578388
38200 -4.21395555358874 0.0389262493798211 -4.25288180296856 2.90309614775997
38300 -4.21313736921063 0.0388122551119022 -4.25194962432254 2.90398510087056
38400 -4.21355423508566 0.0386837501269666 -4.25223798521263 2.90398119230206
38500 -4.21395993861919 0.0381239325642253 -4.25208387118342 2.9040301524027
38600 -4.21336391404384 0.0392321247882923 -4.25259603883213 2.90344012670551
38700 -4.21361248905094 0.0387438573682464 -4.25235634641918 2.90285972921354
38800 -4.21268507587085 0.0389022709411708 -4.25158734681202 2.90328757925271
38900 -4.21365088590743 0.0391574981197579 -4.25280838402719 2.90329479373908
39000 -4.21332655895757 0.0388412790099751 -4.25216783796755 2.90396509172103
39100 -4.21279868240471 0.0392615143094555 -4.25206019671416 2.90387049828925
39200 -4.21430265188115 0.0389132568641742 -4.25321590874532 2.90290535684211
39300 -4.21314598284434 0.0390433533220246 -4.25218933616636 2.90304953863128
39400 -4.21362404698024 0.0382613651862314 -4.25188541216647 2.90350475437254
39500 -4.21356415634857 0.038977238750376 -4.25254139509895 2.90372976666344
39600 -4.21317430371545 0.0393587053708671 -4.25253300908632 2.90388343151772
39700 -4.21437509763139 0.0382621269383768 -4.25263722456977 2.903485545926
39800 -4.21389191926187 0.0380353395105277 -4.25192725877239 2.90372248649281
39900 -4.21283728848259 0.0393146691454485 -4.25215195762804 2.90348693825304
40000 -4.21264202202191 0.0390330256407344 -4.25167504766264 2.90386639370874
40100 -4.21251355620859 0.0390933441030729 -4.25160690031166 2.90461404942217
40200 -4.21234447714712 0.0387112362840462 -4.25105571343117 2.9050614668934
40300 -4.21277166612773 0.0391687967203881 -4.25194046284812 2.90385747981941
40400 -4.21373112790173 0.0380517477263601 -4.25178287562809 2.90364553361755
40500 -4.21441650459647 0.0380518459215227 -4.25246835051799 2.90330943382068
40600 -4.21410010743929 0.0386104556551513 -4.25271056309445 2.90343297186377
40700 -4.21371877839664 0.0382373110188168 -4.25195608941546 2.90394588979904
40800 -4.21281133571552 0.0396399882223291 -4.25245132393785 2.90358923110934
40900 -4.21242942536941 0.0394101660070879 -4.2518395913765 2.90393194321334
41000 -4.21239450070548 0.039632543296113 -4.25202704400159 2.90394686185221
41100 -4.21288579273739 0.0392160220972719 -4.25210181483466 2.90431217491143
41200 -4.21291967829548 0.0390466424667344 -4.25196632076221 2.90417815425872
41300 -4.21314927250713 0.0388586940928796 -4.25200796660001 2.90358997997858
41400 -4.21375708565375 0.0385897436016217 -4.25234682925538 2.90312235948418
41500 -4.21404792569874 0.0387418760661948 -4.25278980176494 2.90314298870993
41600 -4.21432842439234 0.0384646741564667 -4.25279309854881 2.90330133037471
41700 -4.21299300124357 0.0391387565640809 -4.25213175780765 2.90393275700244
41800 -4.21269019393651 0.0395544367618369 -4.25224463069835 2.90403831337602
41900 -4.21307306099449 0.0384831764716515 -4.25155623746614 2.90389994079953
42000 -4.21324575586478 0.039042471294247 -4.25228822715902 2.90294205686343
42100 -4.21321435095338 0.0385082628066356 -4.25172261376002 2.90373207697139
42200 -4.21418031326948 0.0385368600801776 -4.25271717334966 2.90339680861303
42300 -4.21353608732155 0.0385090605710222 -4.25204514789257 2.90385110593315
42400 -4.21315431310474 0.0387788909481841 -4.25193320405292 2.90382222092766
42500 -4.21395281590989 0.0387850326977524 -4.25273784860764 2.90342661564034
42600 -4.21316922877608 0.0389482692015302 -4.25211749797761 2.90380518208482
42700 -4.21292617501945 0.0391282394901104 -4.25205441450956 2.90385171484577
42800 -4.2138207019632 0.0385220496950808 -4.25234275165829 2.90340719500282
42900 -4.21384867512684 0.0384448012632046 -4.25229347639004 2.90318262079122
43000 -4.21344242325368 0.038458427577794 -4.25190085083147 2.90360313958613
43100 -4.21327221676361 0.039188642718196 -4.2524608594818 2.90419846383678
43200 -4.21332591526489 0.0387008702105494 -4.25202678547544 2.90447366960663
43300 -4.21235907775159 0.0391693053463587 -4.25152838309795 2.90427419935786
43400 -4.21298065695929 0.0390949710467995 -4.25207562800609 2.90357589398176
43500 -4.21408927404276 0.0388088467769414 -4.2528981208197 2.90291857576377
43600 -4.21326714806812 0.0386137380979874 -4.2518808861661 2.90355440444986
43700 -4.21236409009129 0.0393658909939111 -4.2517299810852 2.90441362867964
43800 -4.2134773042352 0.0388553550203732 -4.25233265925557 2.90426343523012
43900 -4.21268567469701 0.038947932034912 -4.25163360673192 2.90420281761419
44000 -4.21366431643059 0.0389570207845443 -4.25262133721514 2.90330434702517
44100 -4.21389574898493 0.0379434590410392 -4.25183920802597 2.90383366065458
44200 -4.21396559005515 0.0383608492216807 -4.25232643927684 2.90359452852312
44300 -4.21314130803094 0.0388969189950935 -4.25203822702604 2.90370911776271
44400 -4.21374444596421 0.0383885237593672 -4.25213296972358 2.90362777110276
44500 -4.21351444453776 0.0387017121000343 -4.2522161566378 2.90377549991026
44600 -4.21248466599393 0.0397155413911435 -4.25220020738507 2.90380741928293
44700 -4.21338535408841 0.0387339921189235 -4.25211934620733 2.90371856349114
44800 -4.21351212759062 0.0391121959236279 -4.25262432351424 2.90288438763924
44900 -4.21356078293181 0.0388132474799589 -4.25237403041177 2.90288115656406
45000 -4.21429018299513 0.0383742903035725 -4.25266447329871 2.90357157455262
45100 -4.21403611118565 0.0390640600138882 -4.25310017119954 2.90341869899019
45200 -4.21357318602714 0.0387404927567053 -4.25231367878384 2.90354912657982
45300 -4.21254181899191 0.0392958332762202 -4.25183765226813 2.90387914748235
45400 -4.21314611570677 0.0392155218087676 -4.25236163751554 2.90328152925296
45500 -4.21465912115335 0.0385054021513146 -4.25316452330466 2.90292744189634
45600 -4.21405003910056 0.0393023504039933 -4.25335238950456 2.90322684551212
45700 -4.21421429008334 0.0378604667978355 -4.25207475688117 2.90446833648425
45800 -4.21364629823534 0.0389935186037859 -4.25263981683913 2.9040354384517
45900 -4.21457863975726 0.0378626200144751 -4.25244125977174 2.90320846567246
46000 -4.2138621945632 0.0387576789088531 -4.25261987347205 2.90299087617201
46100 -4.21391753118407 0.0388464819203248 -4.2527640131044 2.90313052400471
46200 -4.21327551791135 0.0387683937247351 -4.25204391163608 2.90386216246957
46300 -4.21358334031914 0.0392585276988975 -4.25284186801804 2.90394879457023
46400 -4.21349277353318 0.0385482823469058 -4.25204105588009 2.90422673121918
46500 -4.21297316718373 0.0395433030859209 -4.25251647026965 2.90326641870553
46600 -4.21302189811085 0.0391327417699228 -4.25215463988077 2.90330123552019
46700 -4.21305600372624 0.0390755945508933 -4.25213159827713 2.90348657201968
46800 -4.21335979380791 0.03897165817201 -4.25233145197992 2.90401228101088
46900 -4.21243134630537 0.0393843108937015 -4.25181565719908 2.90536600337975
47000 -4.21277148402995 0.0392654590229962 -4.25203694305294 2.90413996695006
47100 -4.21323313397793 0.0390960903977627 -4.25232922437569 2.90335155070763
47200 -4.21300390965651 0.0390934869742944 -4.25209739663081 2.90340957015784
47300 -4.21392578064096 0.0385495912378626 -4.25247537187882 2.90315289480818
47400 -4.21396101467847 0.038988895766528 -4.25294991044499 2.90347674511826
47500 -4.21436487332422 0.0380169556218831 -4.2523818289461 2.90453010243197
47600 -4.21236936930568 0.038977587759412 -4.2513469570651 2.90452164165451
47700 -4.21314258393291 0.0390796157293604 -4.25222219966227 2.9036937859297
47800 -4.21510805805238 0.0379252195660237 -4.2530332776184 2.90275953012833
47900 -4.21315736738333 0.0394671245304425 -4.25262449191378 2.90270898291928
48000 -4.21320200587377 0.0388134853545993 -4.25201549122837 2.90387146394782
48100 -4.2124036616812 0.0391314573173295 -4.25153511899853 2.90442500493195
48200 -4.21260642982498 0.0395138460472261 -4.25212027587221 2.90402723894421
48300 -4.21241585195733 0.0392641903258001 -4.25168004228313 2.9039292356939
48400 -4.21357773458495 0.038894675333254 -4.2524724099182 2.90315501490461
48500 -4.2128214152417 0.0389984517365111 -4.25181986697821 2.90327997596602
48600 -4.21326169996784 0.0387981116017336 -4.25205981156957 2.90398861900595
48700 -4.21231000958879 0.0388174409753096 -4.25112745056409 2.9049011361145
48800 -4.21387819055234 0.0385700459687062 -4.25244823652105 2.90391596977655
48900 -4.21326159488842 0.03912226597784 -4.25238386086626 2.90368188080373
49000 -4.21167607878416 0.0397578915309745 -4.25143397031513 2.90408748053598
49100 -4.21341444886557 0.0385252362861367 -4.25193968515171 2.90377499997833
49200 -4.21411294075744 0.038208723816161 -4.2523216645736 2.90354339210075
49300 -4.21365863649255 0.0388917821183265 -4.25255041861088 2.90375902392485
49400 -4.21468475380754 0.0383475930362186 -4.25303234684376 2.90350721429385
49500 -4.21408978790618 0.0387639877402504 -4.25285377564643 2.90329457541256
49600 -4.21390196622171 0.0384590684768032 -4.25236103469851 2.90300782948615
49700 -4.21362093406571 0.0384958336992675 -4.25211676776498 2.90342643897065
49800 -4.21316897055561 0.0391070442523017 -4.25227601480791 2.9035353124568
49900 -4.21329781136323 0.0387215927655331 -4.25201940412877 2.90380587280934
50000 -4.21314243376629 0.0392399255547023 -4.25238235932099 2.90393636188467
50100 -4.21313184102009 0.039398183135052 -4.25253002415515 2.90405047057769
50200 -4.21294276998009 0.038569025969583 -4.25151179594968 2.90383046320243
50300 -4.21334385237797 0.0393456180379687 -4.25268947041594 2.90282931572727
50400 -4.21325153063839 0.0386978297420069 -4.2519493603804 2.90348425173877
50500 -4.21366069223215 0.0388294099766043 -4.25249010220875 2.90365353463785
50600 -4.21419489282498 0.0384780890098115 -4.25267298183479 2.9036138156472
50700 -4.21336295378218 0.0389471572862116 -4.25231011106839 2.90372272293575
50800 -4.21341132117489 0.0395112553845324 -4.25292257655942 2.90317930500831
50900 -4.21345420912324 0.0385669453591073 -4.25202115448235 2.90319933716212
51000 -4.21286698928118 0.0393232321329245 -4.25219022141411 2.90327879402207
51100 -4.21347109487555 0.03860329086523 -4.25207438574078 2.9040711067378
51200 -4.21386445762471 0.0379523982245409 -4.25181685584925 2.90429775432614
51300 -4.21371431771722 0.0386505752643588 -4.25236489298158 2.9036039132606
51400 -4.21340663946977 0.0387902382073195 -4.25219687767709 2.90365462139866
51500 -4.21384724858948 0.0385324422632949 -4.25237969085277 2.90336599474349
51600 -4.21380994343648 0.0385290935756595 -4.25233903701214 2.90331660245085
51700 -4.21313147772817 0.0390392067641201 -4.25217068449229 2.90391704843932
51800 -4.21271464138848 0.0390634568442571 -4.25177809823274 2.9047806366541
51900 -4.21368146366512 0.0388274335739143 -4.25250889723903 2.90382060865468
52000 -4.21311014244896 0.0389785125728831 -4.25208865502185 2.90358166915462
52100 -4.21275344264394 0.0391592795869227 -4.25191272223086 2.90354231346024
52200 -4.21402859972977 0.0386952722080141 -4.25272387193779 2.90337337650801
52300 -4.21266734908933 0.0386528146492816 -4.25132016373861 2.90454653338641
52400 -4.21312985099806 0.0387842568193167 -4.25191410781738 2.90443619237322
52500 -4.21247034656794 0.038897298482788 -4.25136764505073 2.90425032451678
52600 -4.21333826263873 0.0384922812330099 -4.25183054387174 2.90365708108246
52700 -4.21362731225991 0.038202812259042 -4.25183012451895 2.90343687177004
52800 -4.21336291001273 0.038861844420223 -4.25222475443295 2.90355142900011
52900 -4.21337007125288 0.0380898829027461 -4.25145995415563 2.90479586931937
53000 -4.21294355471301 0.0390681277262616 -4.25201168243927 2.90464705385926
53100 -4.21207979625795 0.0394389180495359 -4.25151871430749 2.9041054660582
53200 -4.21309434105114 0.038850100689681 -4.25194444174082 2.90360050612276
53300 -4.21363442309819 0.0385727858692818 -4.25220720896747 2.90330652306306
53400 -4.21382433820565 0.0387693599357343 -4.25259369814139 2.90350384413896
53500 -4.21364467678711 0.0383832738865434 -4.25202795067366 2.90452362572958
53600 -4.21324274188857 0.0385312839223582 -4.25177402581093 2.9048361555121
53700 -4.21355981452721 0.0388707308572033 -4.25243054538442 2.90359888843903
53800 -4.21384359365404 0.0380399865957749 -4.25188358024981 2.90363029381725
53900 -4.21415808341448 0.0383259451726009 -4.25248402858708 2.90336788384088
54000 -4.21261270934906 0.0391872549363125 -4.25179996428538 2.90395856175153
54100 -4.2127397084308 0.0389642456446932 -4.2517039540755 2.90459853896307
54200 -4.21261176168599 0.039205727593555 -4.25181748927954 2.90442312942484
54300 -4.21341996942387 0.0389180623983595 -4.25233803182223 2.90367970314817
54400 -4.21277817756139 0.0386088804168594 -4.25138705797825 2.904021514411
54500 -4.21286523328795 0.0389478492516568 -4.25181308253961 2.90381193884049
54600 -4.2134652405646 0.0386079577293226 -4.25207319829393 2.90377891602057
54700 -4.21359870541029 0.0392353255224626 -4.25283403093275 2.90370920683534
54800 -4.21346250513724 0.0386027207701791 -4.25206522590742 2.9041890815954
54900 -4.21356361252538 0.0389191161482311 -4.25248272867361 2.90307323610313
55000 -4.21422091088725 0.0382891512779038 -4.25251006216516 2.90284999829575
55100 -4.21340503083278 0.0384433794870559 -4.25184841031984 2.90351084970867
55200 -4.21301511510779 0.0386957222910981 -4.25171083739888 2.90410202449729
55300 -4.212969649297 0.0387334707680812 -4.25170312006508 2.90466605255136
55400 -4.2130056567262 0.038978310160457 -4.25198396688666 2.90407870306968
55500 -4.21410663992728 0.0385613057775903 -4.25266794570487 2.90332227458777
55600 -4.21365135423613 0.0384487814442551 -4.25210013568039 2.90358512493989
55700 -4.21378506753414 0.0390274872911126 -4.25281255482525 2.90320388598451
55800 -4.21315869978491 0.0382617433869374 -4.25142044317185 2.9045047880215
55900 -4.21356930106252 0.0386554780119286 -4.25222477907445 2.9042117801329
56000 -4.21414835085342 0.0387601064001151 -4.25290845725354 2.90349619204909
56100 -4.21360168371118 0.0386359184073557 -4.25223760211854 2.90307273550935
56200 -4.21384759794824 0.0383682548324838 -4.25221585278073 2.90324668024091
56300 -4.21363672844199 0.0385280118149551 -4.25216474025694 2.90366934606599
56400 -4.21334987567893 0.0389020833849108 -4.25225195906384 2.90379406638848
56500 -4.21351491030951 0.0391911823985422 -4.25270609270805 2.90376036770924
56600 -4.21234578703229 0.0393933825897561 -4.25173916962205 2.90395877330818
56700 -4.21375409009099 0.0377033048684727 -4.25145739495946 2.90316099575602
56800 -4.21352222030797 0.0389308305562003 -4.25245305086418 2.9030411734526
56900 -4.21353588620927 0.038715990616317 -4.25225187682559 2.90363080844616
57000 -4.21426855949221 0.0388109400818353 -4.25307949957404 2.90339180605705
57100 -4.21365644931315 0.0391043028865012 -4.25276075219965 2.90363008052622
57200 -4.21380394705248 0.0380917848881778 -4.25189573194065 2.90413280626937
57300 -4.21320434615629 0.0386713653405829 -4.25187571149688 2.90329354710049
57400 -4.21277799398631 0.0390773746082984 -4.25185536859461 2.90321822711367
57500 -4.21408388441498 0.0382101251553402 -4.25229400957032 2.90357034141336
57600 -4.21316692221653 0.0389020035920186 -4.25206892580855 2.90383894933837
57700 -4.21326527106837 0.038605113974278 -4.25187038504265 2.90411177143525
57800 -4.21362556226728 0.0390152452176377 -4.25264080748492 2.90348301591107
57900 -4.21361503730579 0.0388016186480032 -4.2524166559538 2.90301909472282
58000 -4.21324755590931 0.0389725157073036 -4.25222007161662 2.90303304010285
58100 -4.21453000639661 0.037923053315115 -4.25245305971173 2.90324588990653
58200 -4.21375425830419 0.0380467796039883 -4.25180103790818 2.90405415700247
58300 -4.21289604653992 0.0393145266018487 -4.25221057314177 2.9040567169436
58400 -4.21296945252885 0.0389896643766428 -4.25195911690549 2.90406760350477
58500 -4.21331500926699 0.0390147065921911 -4.25232971585919 2.90339802102246
58600 -4.21368153843314 0.0377131883659875 -4.25139472679913 2.90314567399676
58700 -4.21503383334868 0.0376493996598223 -4.25268323300851 2.90312212002311
58800 -4.21390052822195 0.0390640908923328 -4.25296461911429 2.90329288051205
58900 -4.21355606411481 0.038712169235933 -4.25226823335074 2.90390521515733
59000 -4.21338453195726 0.039424929390762 -4.25280946134802 2.90346247797898
59100 -4.21328465153722 0.0390642993926141 -4.25234895092983 2.90351343490223
59200 -4.21386805835111 0.0384987309409733 -4.25236678929208 2.90303855454562
59300 -4.21304767449836 0.0388430825833514 -4.25189075708171 2.90306697219912
59400 -4.21312877083729 0.0392504453411555 -4.25237921617845 2.90364966016019
59500 -4.21404743114408 0.0383836922828107 -4.25243112342689 2.90380992442304
59600 -4.21334106834357 0.0382186607110778 -4.25155972905465 2.90429920046495
59700 -4.21396023902448 0.039275368663261 -4.25323560768774 2.9030744944546
59800 -4.2132520122613 0.0390832547938624 -4.25233526705516 2.90285432227962
59900 -4.21349151527218 0.0385263692528363 -4.25201788452501 2.90311069046207
60000 -4.21319151739703 0.0385119062066243 -4.25170342360365 2.90396413337408
60100 -4.21267194243507 0.0391445946026445 -4.25181653703772 2.90417940571994
60200 -4.21152768941019 0.0398176708221494 -4.25134536023234 2.90468082201645
60300 -4.21149967171167 0.0401767540547404 -4.25167642576641 2.9040872024704
60400 -4.21295570090454 0.0390744078826656 -4.2520301087872 2.90302632861795
60500 -4.21370162693525 0.0384254927391899 -4.25212711967444 2.90300890865424
60600 -4.21379730383019 0.0387030254195135 -4.2525003292497 2.90346362305766
60700 -4.2142992309844 0.0385527063900493 -4.25285193737445 2.90362094501442
60800 -4.21417775849483 0.0385243987752307 -4.25270215727006 2.90379399876724
60900 -4.21290336799832 0.0386729785394985 -4.25157634653782 2.90441417282894
61000 -4.21333933118721 0.038871267221425 -4.25221059840864 2.90322349177349
61100 -4.21381752071323 0.0383039485250666 -4.25212146923829 2.90316191890518
61200 -4.21324153583639 0.0390286019363103 -4.2522701377727 2.90341881941998
61300 -4.21359100275804 0.0388290970575258 -4.25242009981557 2.90384010633901
61400 -4.21346502186401 0.0386448337611706 -4.25210985562518 2.90425207496401
61500 -4.21361538387213 0.0385796670714757 -4.2521950509436 2.90383670064141
61600 -4.2134462617522 0.0385052160644745 -4.25195147781667 2.9037877835115
61700 -4.21336708643693 0.0384927245192117 -4.25185981095615 2.903792724224
61800 -4.21235457132151 0.0395082969003126 -4.25186286822182 2.9038367515922
61900 -4.21278310381162 0.0388065145070539 -4.25158961831867 2.904506690112
62000 -4.21310421467625 0.0387745038098955 -4.25187871848615 2.90462582592146
62100 -4.21411399463463 0.0386237580338044 -4.25273775266843 2.90349574232962
62200 -4.2141514903798 0.038321617751512 -4.25247310813131 2.90335809322407
62300 -4.21247588847195 0.0393718614715101 -4.25184774994346 2.90370365848384
62400 -4.21343409197524 0.038475003077513 -4.25190909505276 2.90384264098021
62500 -4.21328089875083 0.0386074671112726 -4.2518883658621 2.90388854559201
62600 -4.21340594611803 0.0391633267912013 -4.25256927290923 2.90358848494473
62700 -4.21305700840272 0.0389843885487614 -4.25204139695148 2.9037887658466
62800 -4.21368305480314 0.0385133446255338 -4.25219639942867 2.90359576064752
62900 -4.21402649716028 0.0379709594267897 -4.25199745658707 2.9032747312865
63000 -4.21323423548245 0.038968822769905 -4.25220305825235 2.90310142977283
63100 -4.21303233030886 0.0390312489449604 -4.25206357925382 2.90396491689897
63200 -4.21210713253369 0.0397078089421412 -4.25181494147583 2.90429787494226
63300 -4.21255403601603 0.0391812403346286 -4.25173527635066 2.90416627810299
63400 -4.21385711796922 0.03879640548081 -4.25265352345003 2.9033320106823
63500 -4.21383591191326 0.0386716163400621 -4.25250752825332 2.90316904097685
63600 -4.21412853296713 0.0387331637687829 -4.25286169673591 2.90270219390604
63700 -4.21463706992565 0.0381261512086223 -4.25276322113427 2.90369730188051
63800 -4.21270877739024 0.038858310360772 -4.25156708775102 2.90472107301091
63900 -4.21333597662595 0.0384159252603039 -4.25175190188626 2.90426131105926
64000 -4.21341896426404 0.039038400594937 -4.25245736485897 2.90340195448636
64100 -4.21380450918498 0.0386841753916118 -4.2524886845766 2.90316610155154
64200 -4.21341337786822 0.0389503379758239 -4.25236371584404 2.90342588875352
64300 -4.21322502038999 0.0387921837357814 -4.25201720412577 2.90382875733661
64400 -4.21373068631856 0.0391751012074271 -4.25290578752599 2.90336739051543
64500 -4.213172625796 0.0386619261884601 -4.25183455198446 2.90386261732905
64600 -4.21296652894257 0.0390798930107853 -4.25204642195336 2.90374738808452
64700 -4.21351782534917 0.0386887489874919 -4.25220657433666 2.90350557795092
64800 -4.21401433301843 0.0383467727477949 -4.25236110576623 2.90330434565976
64900 -4.21290300263156 0.0390014605260234 -4.25190446315758 2.9040312182887
65000 -4.21170755481107 0.0394315922184322 -4.2511391470295 2.90485867538709
65100 -4.21326556066526 0.0390763045332857 -4.25234186519855 2.90410737196891
65200 -4.21328054221878 0.0391380931557999 -4.25241863537458 2.90325673796536
65300 -4.21300224298266 0.0389360253188124 -4.25193826830148 2.90324616436071
65400 -4.21290154048932 0.0391614048298746 -4.2520629453192 2.90361167083028
65500 -4.213823172504 0.0382978552103507 -4.25212102771435 2.90378919163666
65600 -4.21344482739413 0.0380810314559941 -4.25152585885012 2.90441145100462
65700 -4.21316567603523 0.039002591466371 -4.2521682675016 2.90386159685388
65800 -4.21318338326486 0.0390253223665634 -4.25220870563142 2.90343390075786
65900 -4.21299278053081 0.0391553849326943 -4.25214816546351 2.90319181972624
66000 -4.21278834095248 0.0389434772101483 -4.25173181816263 2.90388900098738
66100 -4.21280660215769 0.0388562640825988 -4.25166286624029 2.90448237743506
66200 -4.21234489311806 0.0394665344234338 -4.25181142754149 2.90457088970919
66300 -4.21396338726395 0.0381450892564451 -4.25210847652039 2.90381111580977
66400 -4.21421528918503 0.0379946879987327 -4.25220997718376 2.90334871055036
66500 -4.21341570983907 0.0385534588725346 -4.25196916871161 2.90371635234481
66600 -4.21252368973883 0.0391296947720358 -4.25165338451087 2.90408642566649
66700 -4.2124049730916 0.039155935579563 -4.25156090867117 2.90465554941568
66800 -4.21403956319593 0.0385028411163406 -4.25254240431227 2.90404456316188
66900 -4.21311443395396 0.0391193872042946 -4.25223382115825 2.90349956042572
67000 -4.21411380703691 0.0382122034141222 -4.25232601045103 2.90324969875477
67100 -4.21313038961719 0.038482273422687 -4.25161266303987 2.90389963697093
67200 -4.21384155861525 0.0382288336866582 -4.25207039230191 2.9037073833965
67300 -4.21393207646026 0.0381795896519579 -4.25211166611221 2.90423560281684
67400 -4.21326756189476 0.0390698572835477 -4.25233741917831 2.90382238244702
67500 -4.21323393175188 0.038898733719412 -4.25213266547129 2.90316796334479
67600 -4.21424679898237 0.0384649178353363 -4.25271171681771 2.90295231344386
67700 -4.21379000863869 0.0389047189908759 -4.25269472762957 2.90319265041961
67800 -4.21308066223377 0.0389282260789589 -4.25200888831273 2.90411071825044
67900 -4.21355963719693 0.0387611229149976 -4.25232076011193 2.904263649898
68000 -4.21441067538422 0.0383270400998097 -4.25273771548403 2.90371618263857
68100 -4.21412518798914 0.0383765001350621 -4.25250168812421 2.90316493825898
68200 -4.21361712455009 0.0386274273989579 -4.25224455194904 2.90321789668148
68300 -4.21374918659488 0.0388660921489959 -4.25261527874388 2.90338239380055
68400 -4.2127721930046 0.0393147299916135 -4.25208692299621 2.90386644616037
68500 -4.21230753186369 0.0391971260839133 -4.2515046579476 2.90412369732771
68600 -4.21327106854606 0.0391897424482076 -4.25246081099427 2.90350801553897
68700 -4.21316741182914 0.0385581657398373 -4.25172557756898 2.90363607799096
68800 -4.21483176047646 0.0383615202662276 -4.25319328074269 2.90274125934078
68900 -4.21424331330817 0.0382385009517486 -4.25248181425992 2.9033744692763
69000 -4.21365948548601 0.0388711590674164 -4.25253064455342 2.90397576850577
69100 -4.21317297037321 0.0385103323010153 -4.25168330267422 2.90454037605398
69200 -4.21388577244035 0.0387624144138837 -4.25264818685423 2.90359466068012
69300 -4.21318590549218 0.0395180908859845 -4.25270399637817 2.90319063566798
69400 -4.21354300905708 0.0381118861072116 -4.25165489516429 2.90351679760088
69500 -4.2137012572166 0.038355188713458 -4.25205644593005 2.90356867204533
69600 -4.21342363080285 0.0387389327166036 -4.25216256351945 2.90437335515526
69700 -4.21325352454979 0.0388848589899659 -4.25213838353976 2.9044053753411
69800 -4.21359915182049 0.038841828622441 -4.25244098044293 2.90363391279073
69900 -4.21400383343096 0.0382252210226821 -4.25222905445364 2.90327659768953
70000 -4.21350447339969 0.038368598445342 -4.25187307184503 2.9035659375596
70100 -4.21304904882706 0.0385259299629573 -4.25157497879002 2.90402875693009
70200 -4.21340740622584 0.0387026404759621 -4.2521100467018 2.90442606638862
70300 -4.213483134399 0.0386906177099118 -4.25217375210891 2.90456955896698
70400 -4.21344250694878 0.0388810649419935 -4.25232357189077 2.903392914462
70500 -4.21369671108753 0.0390662325220039 -4.25276294360953 2.90323268685569
70600 -4.21431457069572 0.0387425575101972 -4.25305712820592 2.90299687620932
70700 -4.2144350956784 0.0379061306183941 -4.25234122629679 2.90377429105227
70800 -4.21365580251838 0.0381987684023131 -4.25185457092069 2.90506017062681
70900 -4.21364144347326 0.0388864297819072 -4.25252787325517 2.90397453969557
71000 -4.21327806188065 0.0393418262755704 -4.25261988815622 2.9032953808437
71100 -4.21313549981497 0.0390404641653101 -4.25217596398028 2.90322005048628
71200 -4.21355727757076 0.0389172542432208 -4.25247453181399 2.90328443725005
71300 -4.21260872489681 0.0392596844300079 -4.25186840932682 2.90433177732077
71400 -4.21255427955459 0.0391557576210148 -4.25171003717561 2.90488421049517
71500 -4.21341475656726 0.0388405315417955 -4.25225528810906 2.90393735670475
71600 -4.21428753359282 0.0381957556632705 -4.25248328925609 2.90326872675097
71700 -4.21396767367847 0.0388003646663801 -4.25276803834485 2.90281337124175
71800 -4.21346314787769 0.0387315573409283 -4.25219470521862 2.90340592302319
71900 -4.2132932909613 0.0392717254842627 -4.25256501644557 2.90398829552832
72000 -4.21182554441322 0.0393491032130023 -4.25117464762623 2.90503306237374
72100 -4.21336675869678 0.0387614396698153 -4.25212819836659 2.90389896265219
72200 -4.21442574526386 0.0377287550866787 -4.25215450035054 2.90349049334216
72300 -4.21341205917457 0.0391134627818108 -4.25252552195638 2.90324558237862
72400 -4.21270163610283 0.0388319044066623 -4.25153354050949 2.90377392521271
72500 -4.2127296455791 0.0392128959409002 -4.25194254152 2.90415249033954
72600 -4.21409597110459 0.0382900490942078 -4.2523860201988 2.90442572923902
72700 -4.21361894549458 0.0387827699601883 -4.25240171545477 2.90392236382258
72800 -4.21303014085925 0.0386557146238666 -4.25168585548312 2.90403434700427
72900 -4.21410335593861 0.0385758209013168 -4.25267917683992 2.90304625323164
73000 -4.2139019782056 0.0384630977117729 -4.25236507591738 2.90315500305573
73100 -4.2139642389335 0.0383439776432417 -4.25230821657674 2.90358692000749
73200 -4.21256044301448 0.0391031588825773 -4.25166360189705 2.90469735184886
73300 -4.21275142561032 0.0389091724548767 -4.2516605980652 2.90422098455779
73400 -4.21265161541292 0.0389714975099 -4.25162311292282 2.90409383408458
73500 -4.21220149260931 0.0390420960470915 -4.25124358865641 2.90425593828751
73600 -4.21322857079817 0.03849041193772 -4.25171898273589 2.90397974629944
73700 -4.21271258175172 0.0390176123470365 -4.25173019409876 2.90409659255119
73800 -4.21230576001324 0.0396372481485238 -4.25194300816176 2.90440596793242
73900 -4.21305377699779 0.0389699629171984 -4.25202373991499 2.90427583794456
74000 -4.21323146164896 0.0393986465460412 -4.252630108195 2.90322039623511
74100 -4.21325914642541 0.0391112204820092 -4.25237036690741 2.90320467416719
74200 -4.21313031748801 0.0388972584172736 -4.25202757590529 2.90364170139065
74300 -4.21338139491195 0.0388338727315326 -4.25221526764348 2.90377123328465
74400 -4.21262746617295 0.039456130513026 -4.25208359668598 2.90384583322136
74500 -4.21329504373151 0.0384673228998064 -4.25176236663131 2.90417661932745
74600 -4.21369798818072 0.0390411456585636 -4.25273913383929 2.90331755819189
74700 -4.21434034162793 0.0384574966882229 -4.25279783831615 2.90256386596779
74800 -4.21363356742479 0.0386980312467808 -4.25233159867157 2.90307005403194
74900 -4.21329511638815 0.0384816569242145 -4.25177677331237 2.90409861389942
75000 -4.21291465543742 0.0388987739611033 -4.25181342939853 2.9041853149829
75100 -4.21352156620463 0.0386443402037453 -4.25216590640837 2.9039086637558
75200 -4.21321810023562 0.0391853428719752 -4.2524034431076 2.90335598958078
75300 -4.2136315852843 0.0387391955979319 -4.25237078088223 2.90227766500199
75400 -4.21349045905903 0.0382348562418785 -4.25172531530091 2.90358118814673
75500 -4.21433056315862 0.0388159516760696 -4.25314651483469 2.90319470345344
75600 -4.2139080042837 0.0387158539122508 -4.25262385819595 2.9039323435771
75700 -4.21367802853919 0.0384911417140534 -4.25216917025325 2.90411695826849
75800 -4.21394313244185 0.0379870064202422 -4.25193013886209 2.90356737700466
75900 -4.2143671531349 0.0379708267165843 -4.25233797985148 2.90292133578694
76000 -4.21287224921715 0.0392134417447864 -4.25208569096194 2.9036907220734
76100 -4.21285097244729 0.0391371764061619 -4.25198814885345 2.90379147654757
76200 -4.21375609527944 0.0390341997805034 -4.25279029505994 2.90363906081661
76300 -4.21325431849842 0.0389321503222409 -4.25218646882066 2.9037457865591
76400 -4.21327320263505 0.0390071788888813 -4.25228038152393 2.90320804275822
76500 -4.21243434717552 0.0390525993967585 -4.25148694657228 2.90346863427815
76600 -4.2123003989374 0.0392212551480033 -4.2515216540854 2.90411349384342
76700 -4.21255919048668 0.0392902819033798 -4.25184947239006 2.90408492190781
76800 -4.21240696716631 0.039362163088944 -4.25176913025526 2.90418101566844
76900 -4.21209200874308 0.0394603559396747 -4.25155236468276 2.90395414493413
77000 -4.21259167251136 0.0390800677712759 -4.25167174028264 2.90353730057127
77100 -4.21243349867843 0.0393672255149671 -4.25180072419339 2.90355733008818
77200 -4.21245460101896 0.0389882442124049 -4.25144284523137 2.90440644981528
77300 -4.21365869027924 0.0386422076805348 -4.25230089795977 2.90440608905654
77400 -4.21294766048312 0.0388823531399554 -4.25183001362307 2.90421474838635
77500 -4.21471266349074 0.0380458091125653 -4.2527584726033 2.90324002328673
77600 -4.2145543401542 0.0380778138069744 -4.25263215396118 2.90300318730129
77700 -4.21376959814426 0.0387858841729564 -4.25255548231722 2.90310044005646
77800 -4.21343427397435 0.0387914781100051 -4.25222575208435 2.90405330628986
77900 -4.21483687168801 0.0378592798832096 -4.25269615157122 2.90394137362906
78000 -4.21389548062212 0.038634492412624 -4.25252997303475 2.90368643158015
78100 -4.21306249957027 0.0389734268371972 -4.25203592640747 2.90383109120777
78200 -4.21260949528476 0.0388968768051916 -4.25150637208996 2.90396312678004
78300 -4.21317562450455 0.0391516902980627 -4.25232731480262 2.90317017091876
78400 -4.2129839662468 0.0386332437821607 -4.25161721002896 2.90415406657182
78500 -4.21271826475371 0.0391609018523422 -4.25187916660605 2.90429828366683
78600 -4.2133041336496 0.0387559838596357 -4.25206011750924 2.90398685919648
78700 -4.21281215772876 0.0384626271244361 -4.2512747848532 2.9042907482351
78800 -4.21259707141822 0.0397503371445155 -4.25234740856274 2.9035599588517
78900 -4.21293782737361 0.0392623431258329 -4.25220017049944 2.90355956402959
79000 -4.21331652065966 0.0390776454928524 -4.25239416615251 2.90351460706521
79100 -4.2133969041619 0.0386389071310032 -4.2520358112929 2.90393264910968
79200 -4.21346937812615 0.0393156449814043 -4.25278502310755 2.90385999976227
79300 -4.21300710715619 0.0384038923514567 -4.25141099950765 2.90415318782925
79400 -4.21287319577408 0.0387544857014351 -4.25162768147552 2.90320615365211
79500 -4.21277392222761 0.0388194142418111 -4.25159333646942 2.90360930722302
79600 -4.21451184862827 0.0384464780340681 -4.25295832666234 2.90330078805259
79700 -4.21417076777546 0.0384111574663317 -4.25258192524179 2.90357693501369
79800 -4.21447691330636 0.0384411491008909 -4.25291806240725 2.90340499373323
79900 -4.2138751694357 0.0389146361040025 -4.2527898055397 2.90379468310815
80000 -4.21390612031128 0.0383403289612062 -4.25224644927248 2.9032737040998
80100 -4.21333123933934 0.0386147591557793 -4.25194599849512 2.90338991799856
80200 -4.2135995790764 0.03847641301539 -4.25207599209179 2.9035179639762
80300 -4.21318952517899 0.0390655661219522 -4.25225509130095 2.90371510502769
80400 -4.21355696383909 0.0383889321572089 -4.2519458959963 2.90419848442174
80500 -4.21406867074589 0.0382530324229945 -4.25232170316888 2.90412636221913
80600 -4.21421675851126 0.0384809492869407 -4.2526977077982 2.90321844879799
80700 -4.21247496660175 0.0391802505453188 -4.25165521714707 2.90339836279812
80800 -4.21318876482729 0.0386752629781649 -4.25186402780546 2.90370173618333
80900 -4.2135932826341 0.0393493961344939 -4.25294267876859 2.90345016748562
81000 -4.21374153317138 0.0384721201309362 -4.25221365330231 2.90414240909242
81100 -4.21247848756504 0.038845727057509 -4.25132421462255 2.90449409009248
81200 -4.21336925375926 0.0382934188962215 -4.25166267265548 2.90339363913778
81300 -4.21387724776827 0.0389705726391957 -4.25284782040746 2.90243796565341
81400 -4.2145196412473 0.0385330940605799 -4.25305273530788 2.90293133225972
81500 -4.21483716682698 0.0383599558770129 -4.25319712270399 2.9032328189354
81600 -4.21370830791074 0.0382288589544149 -4.25193716686516 2.90425124957285
81700 -4.21369951412082 0.0384615280096555 -4.25216104213048 2.90384847499897
81800 -4.21302632259916 0.0390941687208278 -4.25212049131999 2.90325422789077
81900 -4.21369056561735 0.0391555843678565 -4.2528461499852 2.90258084686188
82000 -4.2123995183082 0.0392242684887651 -4.25162378679696 2.90386850079029
82100 -4.21320371370795 0.0391265315774512 -4.2523302452854 2.90388383903569
82200 -4.21210190205222 0.0397969253581159 -4.25189882741034 2.90449348559676
82300 -4.21347990047176 0.0388061868099096 -4.25228608728167 2.90359611540923
82400 -4.21349480141453 0.0392314153515241 -4.25272621676605 2.90254645217829
82500 -4.21305956772374 0.0393256182521994 -4.25238518597594 2.90320850394257
82600 -4.21371619370616 0.0387655633074234 -4.25248175701358 2.9036501294858
82700 -4.21217581236677 0.0392761672126135 -4.25145197957939 2.90452971785119
82800 -4.21318970055195 0.03845621086028 -4.25164591141223 2.90454634834807
82900 -4.21273801143397 0.0393776017977879 -4.25211561323176 2.90358213346105
83000 -4.21286319726207 0.0386101031698971 -4.25147330043197 2.90344111593995
83100 -4.21295940169899 0.0390143756730002 -4.25197377737199 2.90352206322051
83200 -4.21282515162126 0.0386706707998591 -4.25149582242112 2.903936946206
83300 -4.21358766859674 0.0388344010611053 -4.25242206965785 2.90396082390545
83400 -4.21406771230206 0.0382853816855458 -4.2523530939876 2.9045519874793
83500 -4.21322146922623 0.038603903970009 -4.25182537319624 2.9037495407342
83600 -4.21276360853866 0.0393651723400919 -4.25212878087876 2.90323598956153
83700 -4.21356750443473 0.0388097841876623 -4.25237728862239 2.90305289602012
83800 -4.21250930641603 0.039558043525978 -4.25206734994201 2.90368157322061
83900 -4.21342073268385 0.0391101945041206 -4.25253092718797 2.90432356454874
84000 -4.21281231858845 0.0391210612282829 -4.25193337981673 2.90464924182427
84100 -4.21279740155684 0.0387001557838845 -4.25149755734073 2.90388038255016
84200 -4.2123033352179 0.0396855280064388 -4.25198886322434 2.90359335053803
84300 -4.21248861125551 0.039190532588843 -4.25167914384435 2.90369055920447
84400 -4.21372578548012 0.0390744915280152 -4.25280027700814 2.90348753420734
84500 -4.21385142713156 0.0383475322681941 -4.25219895939975 2.90476058651513
84600 -4.21422467669771 0.0382807788207872 -4.2525054555185 2.90417108775247
84700 -4.2139382630507 0.0384894754584442 -4.25242773850914 2.90338211201525
84800 -4.21307444402446 0.0392131697341619 -4.25228761375862 2.90317030914527
84900 -4.21317828734853 0.0384071796209108 -4.25158546696944 2.90367395201034
85000 -4.21349088820625 0.0386101863816262 -4.25210107458787 2.90375206329873
85100 -4.21188383780057 0.0391239408826457 -4.25100777868321 2.90457592068655
85200 -4.21347229851145 0.0385924460571103 -4.25206474456856 2.90415929311579
85300 -4.21318436003226 0.0387837408566381 -4.2519681008889 2.90365483014377
85400 -4.2131759843456 0.0392528054391283 -4.25242878978473 2.90278094550101
85500 -4.21225810837736 0.0397582816025874 -4.25201638997995 2.90353728181562
85600 -4.21284544681966 0.0391594023235098 -4.25200484914317 2.90358346712165
85700 -4.2132338783458 0.038694245902836 -4.25192812424864 2.90411328552814
85800 -4.21306391837567 0.0388686364528038 -4.25193255482847 2.9041220408611
85900 -4.21399995658391 0.0383928759796052 -4.25239283256351 2.9035762289546
86000 -4.21427285069458 0.0386993830782977 -4.25297223377288 2.90247075400091
86100 -4.21432720195577 0.0377661014020724 -4.25209330335784 2.90319723677171
86200 -4.21360662974478 0.0386764974440953 -4.25228312718887 2.90355650050981
86300 -4.21322295253798 0.0384445192748054 -4.25166747181279 2.90455343015263
86400 -4.21275632973041 0.0392800303386037 -4.25203636006902 2.90428916823028
86500 -4.21249448011705 0.0393850165197823 -4.25187949663683 2.90381204419792
86600 -4.21386820983241 0.0384647122271232 -4.25233292205953 2.90327280206114
86700 -4.21306351310273 0.0391171446948984 -4.25218065779763 2.90362985857094
86800 -4.21318277355772 0.0385113938410812 -4.2516941673988 2.90393168043889
86900 -4.21309065765015 0.0384235552704517 -4.2515142129206 2.90450135904692
87000 -4.21416151716161 0.0382927244452866 -4.2524542416069 2.90397219230559
87100 -4.21372392738292 0.038705297939859 -4.25242922532278 2.90402643499533
87200 -4.21331833210589 0.0384686500800095 -4.2517869821859 2.90367090576149
87300 -4.21313481219418 0.0392861480474841 -4.25242096024167 2.90275132874017
87400 -4.21270992476631 0.0395709266432084 -4.25228085140952 2.90315190930822
87500 -4.21374105017836 0.0380497551867303 -4.25179080536509 2.90420397439814
87600 -4.21290023311927 0.0384854653914977 -4.25138569851077 2.90464042277025
87700 -4.2128457551999 0.0396909039043086 -4.25253665910421 2.9036548009517
87800 -4.2133430783115 0.0391295257802391 -4.25247260409174 2.90327985423578
87900 -4.21382090750215 0.0386063838436778 -4.25242729134583 2.90257403495416
88000 -4.21339396852507 0.038710309227794 -4.25210427775286 2.90342233179926
88100 -4.21298847886715 0.038570772864001 -4.25155925173116 2.90436811762878
88200 -4.2126251246059 0.0392255214673528 -4.25185064607325 2.90419122969463
88300 -4.21469558602883 0.0381767188871649 -4.252872304916 2.90359385038287
88400 -4.21418283743295 0.0384970816542774 -4.25267991908723 2.90278028455227
88500 -4.21350643372001 0.0393586539131288 -4.25286508763314 2.90263545644722
88600 -4.21354074935962 0.0381324445451342 -4.25167319390475 2.9039180668632
88700 -4.21293490011952 0.0386518701002184 -4.25158677021974 2.90411516933397
88800 -4.21375289684185 0.0388665189742708 -4.25261941581612 2.9038033681282
88900 -4.21449809230114 0.0381851247638438 -4.25268321706498 2.90432388811799
89000 -4.21388238033333 0.0386900669468652 -4.25257244728019 2.9035811065596
89100 -4.21364231335407 0.0388083275912909 -4.25245064094536 2.90298563183429
89200 -4.21315893416436 0.0387965453470533 -4.25195547951142 2.90345512677772
89300 -4.21391326098026 0.0384120154079558 -4.25232527638822 2.90354015629207
89400 -4.2135634651005 0.0385272319542145 -4.25209069705471 2.90460361423383
89500 -4.21375623568969 0.038425455359526 -4.25218169104921 2.90468265285552
89600 -4.21375330457253 0.0385199013427029 -4.25227320591523 2.90380300463809
89700 -4.21313453329457 0.0388501881089522 -4.25198472140352 2.90341704255986
89800 -4.21345322989973 0.0389351255325692 -4.2523883554323 2.90319313985738
89900 -4.213881357522 0.0387144985038864 -4.25259585602588 2.90360927852413
90000 -4.21318376260425 0.0386098238874158 -4.25179358649167 2.90498649531694
90100 -4.21235534749208 0.0391789360279331 -4.25153428352001 2.90469380432874
90200 -4.21250957028708 0.0396392467282309 -4.25214881701531 2.90371791856872
90300 -4.21356644350765 0.0385139662683477 -4.252080409776 2.90342291816581
90400 -4.213896979374 0.0384605877923187 -4.25235756716632 2.90316976338427
90500 -4.21307399221783 0.0391495577166934 -4.25222354993452 2.90360237931319
90600 -4.21357675775161 0.0389664874503318 -4.25254324520194 2.90425212474547
90700 -4.21315505108542 0.0393092818651802 -4.2524643329506 2.90397538722516
90800 -4.21419241580338 0.0386121757610436 -4.25280459156442 2.90331332381544
90900 -4.21431423529935 0.0384254095962026 -4.25273964489555 2.90293975146751
91000 -4.21374689660992 0.038006114971161 -4.25175301158108 2.90309104696383
91100 -4.21438966839013 0.0382421599283031 -4.25263182831843 2.90315186031302
91200 -4.21412747637196 0.0384739480762449 -4.2526014244482 2.90383425917618
91300 -4.21373911744644 0.0387181473768117 -4.25245726482325 2.9039314856334
91400 -4.21454899486052 0.0379633528544745 -4.252512347715 2.90349381748879
91500 -4.21479912174932 0.0382765605515059 -4.25307568230083 2.9030599291651
91600 -4.21389196590842 0.0383303179718654 -4.25222228388029 2.90288518804748
91700 -4.21320360068184 0.0387973762599314 -4.25200097694177 2.90329232894237
91800 -4.21340145720115 0.0388880990411129 -4.25228955624226 2.90378028443429
91900 -4.2138470732698 0.0384539716833316 -4.25230104495313 2.90404793812642
92000 -4.21412562221966 0.0388395514252307 -4.25296517364489 2.90360417957232
92100 -4.21380334855901 0.0379922487134605 -4.25179559727247 2.9039348761783
92200 -4.2131007765536 0.0385956749459002 -4.2516964514995 2.90393150330458
92300 -4.21357702482725 0.0386231940544878 -4.25220021888174 2.90369468480871
92400 -4.2142142012683 0.0387557224641193 -4.25296992373242 2.90332073352505
92500 -4.21347004298626 0.0384129975285825 -4.25188304051484 2.90435333618553
92600 -4.21389899636847 0.0385662509266531 -4.25246524729513 2.90409265186661
92700 -4.21421560517642 0.0383428230223908 -4.25255842819881 2.90331544287856
92800 -4.2132367736226 0.038513980710236 -4.25175075433284 2.90348415092617
92900 -4.21396216688652 0.0386692868853042 -4.25263145377182 2.90318579727334
93000 -4.21316768902711 0.0391064229607372 -4.25227411198785 2.90368375390385
93100 -4.21228281078348 0.0392901264336809 -4.25157293721717 2.90500015318943
93200 -4.2132111585154 0.0393831968177923 -4.2525943553332 2.90404764339824
93300 -4.21224648132489 0.0388501171962257 -4.25109659852111 2.90418151357782
93400 -4.21229646164865 0.0388666612686307 -4.25116312291728 2.9039533658699
93500 -4.21251037274161 0.038963034213884 -4.25147340695549 2.90396236260825
93600 -4.21192418970392 0.0391772593638802 -4.2511014490678 2.9047004004751
93700 -4.2124019657411 0.0394244851812121 -4.25182645092231 2.90504930628167
93800 -4.21381286019443 0.0384883327770271 -4.25230119297146 2.90390691954293
93900 -4.21388794426717 0.0387939671488923 -4.25268191141606 2.90317887266294
94000 -4.21347322381102 0.038337688742531 -4.25181091255355 2.90339424392119
94100 -4.21391313608371 0.0384990751184681 -4.25241221120218 2.90309731002839
94200 -4.21326054058119 0.0384179292751151 -4.25167846985631 2.90436241113992
94300 -4.21264552218183 0.039581961416782 -4.25222748359861 2.90452459952531
94400 -4.21311701195276 0.038593537765941 -4.2517105497187 2.90436954236644
94500 -4.21324955255374 0.0391834865853752 -4.25243303913911 2.90347105101332
94600 -4.21320304188874 0.0386904123568853 -4.25189345424562 2.90348855520457
94700 -4.21319681999283 0.0392715499171638 -4.25246836990999 2.90319590168939
94800 -4.2129697831635 0.0397191711894989 -4.252688954353 2.90345982241397
94900 -4.2128215834533 0.03905598390584 -4.25187756735914 2.9038871449718
95000 -4.21373929412444 0.0386641814260564 -4.25240347555049 2.90375150477641
95100 -4.21296057999708 0.0389390441583542 -4.25189962415543 2.90390748001029
95200 -4.21297544129317 0.0383136352404703 -4.25128907653364 2.90329053769538
95300 -4.2127825353152 0.0391091714673479 -4.25189170678255 2.90340017208181
95400 -4.21312258297131 0.0393076847323361 -4.25243026770364 2.903715288572
95500 -4.21317943850728 0.0384402833672407 -4.25161972187453 2.90429903756466
95600 -4.21297715654401 0.0391700496872899 -4.2521472062313 2.90396435883697
95700 -4.21408211050868 0.0383788638940528 -4.25246097440274 2.90341162105673
95800 -4.21499743609712 0.0379557733058109 -4.25295320940293 2.90250235586902
95900 -4.21323286686405 0.0384396753634312 -4.25167254222748 2.90337607379741
96000 -4.21431409798303 0.0383621054668121 -4.25267620344984 2.90344895384815
96100 -4.21484329494911 0.0376577548079865 -4.25250104975709 2.90365374734081
96200 -4.21315394737002 0.0390523976840276 -4.25220634505405 2.90404325492084
96300 -4.21359253165914 0.0386736985982623 -4.2522662302574 2.90341246152467
96400 -4.21364786625511 0.0382161048530113 -4.25186397110812 2.9027162213905
96500 -4.21406376779551 0.0385354772716233 -4.25259924506713 2.90311785062246
96600 -4.21417528455955 0.0381752268638263 -4.25235051142338 2.9036823922835
96700 -4.21259424505715 0.0391188011050027 -4.25171304616215 2.90439208511859
96800 -4.2133310634225 0.0384968232257218 -4.25182788664822 2.90405183560444
96900 -4.21319455793858 0.0390244900940557 -4.25221904803264 2.90325547532668
97000 -4.21260473279556 0.0393209508824282 -4.25192568367799 2.9029375389758
97100 -4.21289454497389 0.0391471762197619 -4.25204172119365 2.90346337513815
97200 -4.21246259484025 0.0393626306178638 -4.25182522545812 2.90411325622031
97300 -4.21177764010253 0.0394373120106289 -4.25121495211315 2.90463996263385
97400 -4.21267926203355 0.03933835805232 -4.25201762008587 2.90408733781452
97500 -4.21288013530939 0.0391967297462326 -4.25207686505562 2.90295538332399
97600 -4.21290883565104 0.0391716599506589 -4.2520804956017 2.90336716086621
97700 -4.21391990801214 0.0386933923760652 -4.25261330038821 2.90344511578213
97800 -4.21287696118375 0.0387310244867507 -4.2516079856705 2.90431213687426
97900 -4.21420047815031 0.0378559742048417 -4.25205645235515 2.9042762035855
98000 -4.21440544734363 0.0380272078187099 -4.25243265516234 2.90366475168201
98100 -4.21351213801042 0.0386211710260059 -4.25213330903643 2.90298031614939
98200 -4.21382604663162 0.0385438280236145 -4.25236987465523 2.90331448856136
98300 -4.21418858284834 0.0381051707832256 -4.25229375363157 2.90360984744728
98400 -4.21292505431421 0.0389426276667114 -4.25186768198092 2.90420928551178
98500 -4.21369758965142 0.0382367223732539 -4.25193431202467 2.90456776325382
98600 -4.21336497030121 0.0384433289452492 -4.25180829924646 2.90426027159886
98700 -4.21367766112425 0.038669108470508 -4.25234676959476 2.90343139880257
98800 -4.21339262961169 0.0390866770948153 -4.2524793067065 2.90329505956312
98900 -4.21417721353198 0.0384411748853403 -4.25261838841732 2.90323204009117
99000 -4.21427616702827 0.0381960226511693 -4.25247218967944 2.90374979473529
99100 -4.21380107368398 0.0384854701880764 -4.25228654387206 2.90446666013363
99200 -4.21298202184467 0.0390620765285923 -4.25204409837326 2.90429131746811
99300 -4.21350064593577 0.0385349961357726 -4.25203564207154 2.90377819161036
99400 -4.21448542111505 0.0385738431983753 -4.25305926431342 2.90300863316163
99500 -4.214487121816 0.0384348724403683 -4.25292199425637 2.90318072638374
99600 -4.21400889879988 0.0387527594231906 -4.25276165822307 2.9034399853838
99700 -4.21361325326286 0.0381860988296763 -4.25179935209254 2.90418183665534
99800 -4.21396505347896 0.0387076761169575 -4.25267272959592 2.90396555696613
99900 -4.21381617456528 0.0386554746136945 -4.25247164917898 2.90336938135488
100000 -4.21286870728269 0.0388277807784428 -4.25169648806113 2.9035951045828
