step E [eV/atom] ke [eV/atom] pe [eV/atom] latparam
100 -4.15504594732927 0.0675954306527579 -4.22264137798202 2.92028082491849
200 -4.12725810478854 0.0804878738245632 -4.2077459786131 2.9271733498637
300 -4.1140923037249 0.0873370665199502 -4.20142937024485 2.92995539618383
400 -4.11266915482957 0.0865990215203556 -4.19926817634992 2.93053291038491
500 -4.10912947429978 0.0899922423867376 -4.19912171668652 2.93147727526802
600 -4.11009127855982 0.0890570024217894 -4.19914828098161 2.93049192813462
700 -4.10608988188696 0.0913547939106002 -4.19744467579756 2.93244092432958
800 -4.10779013094413 0.0896187084642341 -4.19740883940836 2.93155217358685
900 -4.10722529293658 0.090557070176596 -4.19778236311318 2.93139934443362
1000 -4.10650972162217 0.0905437794887 -4.19705350111087 2.93248203528982
1100 -4.1058468672459 0.090217230437643 -4.19606409768355 2.93164757677561
1200 -4.107435491283 0.0906192115214645 -4.19805470280446 2.93189107839967
1300 -4.10629802428041 0.0920630281747601 -4.19836105245517 2.93047235939443
1400 -4.10624504010394 0.0902946669320362 -4.19653970703598 2.9326372391493
1500 -4.10587954899318 0.091811658293389 -4.19769120728657 2.93147431863424
1600 -4.10556371961716 0.0915171090302896 -4.19708082864745 2.9318064933686
1700 -4.10622629029461 0.0907290157032453 -4.19695530599786 2.93262210822
1800 -4.10727071780974 0.0900314595168184 -4.19730217732656 2.93135770821549
1900 -4.10809857450138 0.089602262573842 -4.19770083707522 2.93197600821337
2000 -4.10620496613041 0.0912556555732947 -4.1974606217037 2.93125817923502
2100 -4.10826503347886 0.0904166144472114 -4.19868164792607 2.93064384062015
2200 -4.10800754754284 0.0888510921922165 -4.19685863973505 2.93285210232416
2300 -4.1070732322915 0.0891807689982099 -4.19625400128971 2.93156950114684
2400 -4.10590806925044 0.0907533102848632 -4.1966613795353 2.93234337196282
2500 -4.10616934010742 0.091474488661983 -4.1976438287694 2.9315431222035
2600 -4.10699319385398 0.0899941994288913 -4.19698739328287 2.93120682260886
2700 -4.10882304331387 0.0904660228349445 -4.19928906614882 2.93166712175224
2800 -4.10728731312932 0.0905111572869824 -4.1977984704163 2.93047100514431
2900 -4.10742031445473 0.0897040482383409 -4.19712436269307 2.93194947281051
3000 -4.10940767411174 0.0884247250040317 -4.19783239911577 2.9318224402831
3100 -4.10873260109309 0.0911404142418751 -4.19987301533497 2.92996579140979
3200 -4.10831732933571 0.0907271842583457 -4.19904451359406 2.93149427082845
3300 -4.10915174440245 0.0888435880066305 -4.19799533240908 2.93083095689257
3400 -4.1091714091464 0.0895618655333059 -4.19873327467971 2.93140031028108
3500 -4.10883218213933 0.089625887117638 -4.19845806925696 2.93178925662338
3600 -4.10958213388843 0.0893519196484086 -4.19893405353684 2.93034433199026
3700 -4.10672548593952 0.0919105558249356 -4.19863604176445 2.93150534676361
3800 -4.10722301921814 0.0917084222167427 -4.19893144143489 2.93064895651939
3900 -4.1099281001342 0.0893786596283677 -4.19930675976257 2.93189513593557
4000 -4.10714904404582 0.0912980452224675 -4.19844708926829 2.93088628883497
4100 -4.10619158183294 0.0891533185227558 -4.1953449003557 2.9323947145495
4200 -4.10631030263023 0.0910730145706579 -4.19738331720088 2.93163817449393
4300 -4.10722432211553 0.0898907545512409 -4.19711507666677 2.93112130229969
4400 -4.10608475808053 0.0913559674874101 -4.19744072556794 2.93244234677894
4500 -4.10505570195967 0.0905352500327233 -4.19559095199239 2.93194864111355
4600 -4.10444652371491 0.091601588839391 -4.1960481125543 2.93211905199282
4700 -4.10603498824151 0.0918645487230898 -4.1978995369646 2.93200776932238
4800 -4.1063651902211 0.0906925338635628 -4.19705772408467 2.9311443999784
4900 -4.10680218064511 0.0908475569631916 -4.1976497376083 2.93160895896808
5000 -4.10744508634499 0.0906217425557768 -4.19806682890077 2.93119247626877
5100 -4.10722744246329 0.0908198088904966 -4.19804725135378 2.93133953139855
5200 -4.1090698034019 0.0887925762686928 -4.1978623796706 2.93129736925465
5300 -4.10747397604311 0.0896343297270805 -4.19710830577019 2.93231008100251
5400 -4.10527241906434 0.0917501367653755 -4.19702255582971 2.93117754881502
5500 -4.10494181138815 0.0922935687804663 -4.19723538016861 2.93208186631802
5600 -4.1036204346249 0.0920094112496178 -4.19562984587452 2.93331723922262
5700 -4.10455452693772 0.0926868807232243 -4.19724140766094 2.93101415526492
5800 -4.10730551940512 0.0908491705272487 -4.19815468993237 2.93136451257033
5900 -4.10923850204467 0.0902325818944703 -4.19947108393914 2.93044782847571
6000 -4.10848134347004 0.0907990550650016 -4.19928039853504 2.93077141632748
6100 -4.10964963601709 0.0882797004160865 -4.19792933643317 2.93200367813164
6200 -4.10864744484267 0.0897256278682887 -4.19837307271095 2.92978113878952
6300 -4.10733677655494 0.0898836566004765 -4.19722043315542 2.9324809858121
6400 -4.10909391101074 0.0886923503626494 -4.19778626137339 2.9310379341586
6500 -4.1102425442329 0.0897337880322514 -4.19997633226515 2.93068425002781
6600 -4.10910513723584 0.0912780591522604 -4.2003831963881 2.93078334931665
6700 -4.10887217139237 0.0903600944742305 -4.1992322658666 2.92966453506637
6800 -4.10831914926822 0.0899226384841251 -4.19824178775235 2.93281058931265
6900 -4.10435524021579 0.0920712654580934 -4.19642650567389 2.93185457593168
7000 -4.10374124077306 0.0930337313374386 -4.1967749721105 2.93167585350256
7100 -4.10576179595158 0.0912042546683977 -4.19696605061998 2.93258014418423
7200 -4.10521556227763 0.0907603820271313 -4.19597594430476 2.93156588400789
7300 -4.10673873303089 0.0917634397234193 -4.19850217275431 2.931433855687
7400 -4.10756274336534 0.0911920827950393 -4.19875482616038 2.93158403219238
7500 -4.10783124721898 0.0897840004698683 -4.19761524768885 2.93109693477092
7600 -4.10850389762951 0.0896111108100991 -4.19811500843961 2.93208265649304
7700 -4.10721829766347 0.0907744223695148 -4.19799272003299 2.93095925960073
7800 -4.10731338750757 0.0897565655016933 -4.19706995300926 2.9318837631551
7900 -4.10876441558027 0.0898013151498486 -4.19856573073011 2.93144610850171
8000 -4.10839970834187 0.088976322579647 -4.19737603092151 2.93092168820012
8100 -4.10781717718474 0.0907075025130474 -4.19852467969779 2.93314331305845
8200 -4.10835585076657 0.091434692207903 -4.19979054297447 2.92955601830115
8300 -4.10751301677191 0.0904542788149331 -4.19796729558684 2.93220833563374
8400 -4.10928792937383 0.0889531759697022 -4.19824110534353 2.93118869338105
8500 -4.10708537253224 0.0916461173013836 -4.19873148983362 2.93082559409733
8600 -4.10811493436733 0.0905270669306416 -4.19864200129797 2.93119716202168
8700 -4.10767570141554 0.0907052561666749 -4.19838095758222 2.93073341245313
8800 -4.10495342546341 0.0914526187777383 -4.19640604424115 2.93364076367026
8900 -4.10661208207957 0.0912908733685722 -4.19790295544814 2.93058716776063
9000 -4.10826561382858 0.0900126180171958 -4.19827823184578 2.93150453043037
9100 -4.10981682541369 0.0903790177986167 -4.20019584321231 2.9302956145963
9200 -4.10802393239728 0.0911230227508123 -4.19914695514809 2.9306555769574
9300 -4.10693696817559 0.0908781266383184 -4.1978150948139 2.93138027320973
9400 -4.10719391184276 0.0902623820887957 -4.19745629393156 2.93143620847643
9500 -4.10761651600865 0.0903466007922276 -4.19796311680088 2.9314282592053
9600 -4.10862692420942 0.0902020743100723 -4.1988289985195 2.93146562839911
9700 -4.10760922053 0.0900958906041863 -4.19770511113418 2.93059923320695
9800 -4.10930959284937 0.0890459608645786 -4.19835555371395 2.9322456551107
9900 -4.10662660560392 0.0919897356563326 -4.19861634126025 2.93009682194218
10000 -4.10627840816807 0.0905572201755483 -4.19683562834361 2.93229605246283
10100 -4.10760604929654 0.0905466764893818 -4.19815272578593 2.9312988080016
10200 -4.10576836206173 0.0906582744555369 -4.19642663651727 2.93163043398332
10300 -4.10782513839578 0.0913913601291652 -4.19921649852494 2.93174474268773
10400 -4.10830597186694 0.0898808192751073 -4.19818679114204 2.92985523119722
10500 -4.10828545756139 0.0904201934432266 -4.19870565100461 2.9319098607689
10600 -4.10954676179077 0.0890176829968389 -4.19856444478761 2.93127592074685
10700 -4.10694765574502 0.0907476946933913 -4.19769535043842 2.93133981275348
10800 -4.10652397138732 0.0898090155507697 -4.19633298693809 2.93269409424412
10900 -4.10731081734992 0.0891335008490653 -4.19644431819899 2.93124939567973
11000 -4.10594790392948 0.0913066421737716 -4.19725454610325 2.93274944903834
11100 -4.10883417837771 0.0901135392479494 -4.19894771762566 2.92993934176672
11200 -4.10945814346979 0.0890299746931231 -4.19848811816291 2.93146515341919
11300 -4.10882004524135 0.0899078592264043 -4.19872790446776 2.93120019022644
11400 -4.10746734355648 0.0896175566109399 -4.19708490016742 2.93149012684693
11500 -4.10615687758207 0.0898700534903112 -4.19602693107238 2.93307102981289
11600 -4.10440247110323 0.092852472784649 -4.19725494388788 2.92989230341176
11700 -4.10442175497167 0.0918702564451202 -4.19629201141679 2.9332285819331
11800 -4.10499261551114 0.0936984590203801 -4.19869107453152 2.93098465250116
11900 -4.10718991913204 0.0906396628559828 -4.19782958198803 2.93121028476961
12000 -4.10602658777414 0.0912391922753323 -4.19726578004947 2.93236465485579
12100 -4.10497037145464 0.091906236007167 -4.19687660746181 2.93109016585092
12200 -4.10594115715287 0.090995918432618 -4.19693707558549 2.93237352364549
12300 -4.10742710398252 0.090651427995776 -4.19807853197829 2.93177034741711
12400 -4.10752409134864 0.0900229077181915 -4.19754699906683 2.93103615558882
12500 -4.10830226746774 0.09044500752842 -4.19874727499616 2.9318169982315
12600 -4.10753788548522 0.0895304701520657 -4.19706835563729 2.93110981652262
12700 -4.10733524356474 0.0911172577431148 -4.19845250130785 2.93152033255726
12800 -4.10600903662593 0.0904652500959896 -4.19647428672192 2.93226238644673
12900 -4.1087734346117 0.0895386827555862 -4.19831211736728 2.93099761419258
13000 -4.1084498474902 0.0895318836571328 -4.19798173114733 2.93159063555615
13100 -4.10856894858642 0.0901709793861546 -4.19873992797258 2.92993219070669
13200 -4.10554192660694 0.0917073477844595 -4.1972492743914 2.93283409529323
13300 -4.1069309816606 0.0915496638176087 -4.19848064547821 2.93112194199377
13400 -4.11020836937105 0.0883447375033475 -4.1985531068744 2.93057530971146
13500 -4.10884815503482 0.089441890283882 -4.1982900453187 2.9319888650684
13600 -4.10786146151258 0.0901271479931825 -4.19798860950576 2.93085706421144
13700 -4.10667163681199 0.0911977386553616 -4.19786937546735 2.93200130390039
13800 -4.10809753100218 0.0888838874442334 -4.19698141844641 2.93171564192796
13900 -4.10655169082971 0.0904507167616815 -4.19700240759139 2.93198818476167
14000 -4.10838607177385 0.0892906257557402 -4.19767669752959 2.93220179875291
14100 -4.10582146224454 0.090685436052114 -4.19650689829665 2.93161283636254
14200 -4.10582652278855 0.0896313714676372 -4.19545789425619 2.93322428188526
14300 -4.10845454349206 0.0891232552680749 -4.19757779876013 2.93079826080981
14400 -4.10653944695385 0.0913373195414071 -4.19787676649525 2.93189084603723
14500 -4.10989300554651 0.088630298039611 -4.19852330358612 2.93099954798641
14600 -4.10891339901061 0.0885569125018176 -4.19747031151243 2.93133610773768
14700 -4.10922593856828 0.0897898219905412 -4.19901576055882 2.9311118626292
14800 -4.10942094018615 0.088747800892355 -4.1981687410785 2.93130449292478
14900 -4.10858356335963 0.0898057363572791 -4.19838929971691 2.93076837342285
15000 -4.10690899868029 0.0906097172897554 -4.19751871597005 2.93249240324285
15100 -4.10689191787774 0.0907898350267242 -4.19768175290446 2.93090093505894
15200 -4.10833523549533 0.0902235340661901 -4.19855876956152 2.93173076294956
15300 -4.10803707257693 0.0911621353084369 -4.19919920788537 2.9307385690892
15400 -4.10667769273101 0.0906384216468042 -4.19731611437781 2.93155132969155
15500 -4.10752929410417 0.0893757707514422 -4.19690506485562 2.93207921804962
15600 -4.10794210827986 0.0899000161726159 -4.19784212445247 2.93144691864069
15700 -4.10731864773897 0.0898600663775781 -4.19717871411655 2.93163294472665
15800 -4.10889412012224 0.0896204218280996 -4.19851454195033 2.93152237812794
15900 -4.10778177804131 0.0900597363855054 -4.19784151442681 2.93105433449006
16000 -4.10619992445412 0.0914808370787192 -4.19768076153284 2.9314980397938
16100 -4.10647881756947 0.0911415455933441 -4.19762036316282 2.93192468467609
16200 -4.10802685730896 0.0904464648579221 -4.19847332216688 2.93040943143827
16300 -4.10958861533761 0.0900305159189379 -4.19961913125655 2.93193186997154
16400 -4.11035481375833 0.0886945513644238 -4.19904936512276 2.93023195607364
16500 -4.11047714660199 0.0886500096830675 -4.19912715628506 2.93120864757681
16600 -4.10824457060228 0.0894347016200943 -4.19767927222237 2.93132321419377
16700 -4.10541447068585 0.0915877171343447 -4.1970021878202 2.93196157455442
16800 -4.10809738134128 0.0899672909348625 -4.19806467227614 2.9314375939722
16900 -4.10766518757465 0.0895733483403538 -4.19723853591501 2.93157761755117
17000 -4.10647115222581 0.0909312840582859 -4.1974024362841 2.93202294636997
17100 -4.10758101180279 0.0908367079913575 -4.19841771979415 2.92999055747382
17200 -4.10588438308146 0.0913920032700752 -4.19727638635153 2.93265466563993
17300 -4.10643315360732 0.092036986349869 -4.19847013995719 2.9308716116893
17400 -4.1085957402038 0.0904315478918219 -4.19902728809562 2.93104580966496
17500 -4.10587667380655 0.0913361503946103 -4.19721282420116 2.93191663332768
17600 -4.10631221241441 0.0916672608107413 -4.19797947322515 2.93132430683595
17700 -4.10657385987558 0.0906274617658892 -4.19720132164147 2.93199341907455
17800 -4.10632471902373 0.0913388570037124 -4.19766357602744 2.93089901259066
17900 -4.10855250282073 0.0905294538497904 -4.19908195667052 2.93160298865749
18000 -4.10801011657534 0.0902805037750671 -4.19829062035041 2.93106512527957
18100 -4.1114650351202 0.088592998020009 -4.20005803314021 2.929931427529
18200 -4.10770149133529 0.0893016699461767 -4.19700316128147 2.93267633660045
18300 -4.1078970217161 0.0906008980149024 -4.198497919731 2.93077804907198
18400 -4.10877261343257 0.0879332451067272 -4.1967058585393 2.93226837892342
18500 -4.1070549521659 0.0911599048820881 -4.19821485704798 2.93119582053838
18600 -4.10728244245913 0.0907663828656866 -4.19804882532481 2.93178691026416
18700 -4.10617931445001 0.0913897763923815 -4.19756909084239 2.93130229818302
18800 -4.10774553863281 0.0896599848700088 -4.19740552350282 2.93175970123152
18900 -4.10902688586276 0.0893906317577629 -4.19841751762053 2.93179746070322
19000 -4.10735935351168 0.0901742379016943 -4.19753359141337 2.93081883426637
19100 -4.10799123961945 0.0908266402736094 -4.19881787989306 2.93186935490535
19200 -4.10774981066104 0.0898176300865078 -4.19756744074755 2.93143202021709
19300 -4.10674053593932 0.0915586078808368 -4.19829914382015 2.9309731881293
19400 -4.1063742587693 0.0911158045337237 -4.19749006330303 2.9316381770447
19500 -4.10630865989119 0.0899560582169891 -4.19626471810818 2.93145544465475
19600 -4.10651306533056 0.090666889776496 -4.19717995510706 2.93286720429877
19700 -4.10582174064545 0.0912084989569016 -4.19703023960235 2.9308026901752
19800 -4.10691398874988 0.0903213132827285 -4.19723530203261 2.93168866561144
19900 -4.10750534805547 0.0900076166619801 -4.19751296471745 2.93173322138304
20000 -4.10636366220821 0.0905677354903503 -4.19693139769856 2.93179020546459
20100 -4.10601387583072 0.0922295874246217 -4.19824346325534 2.93147563714918
20200 -4.10540420540093 0.0907607301748518 -4.19616493557579 2.93239795848573
20300 -4.10848779436701 0.0889657371291988 -4.1974535314962 2.93089044798095
20400 -4.1075695497027 0.0894739076337277 -4.19704345733643 2.9327763154944
20500 -4.10773210217219 0.0904131197200058 -4.19814522189219 2.93126582756237
20600 -4.10999883052241 0.0892932341164547 -4.19929206463886 2.93108947776358
20700 -4.10905360835648 0.0895326531431756 -4.19858626149965 2.93135063380941
20800 -4.10844918131436 0.089288031346512 -4.19773721266088 2.93187380307901
20900 -4.10806599534865 0.0897226480139967 -4.19778864336265 2.93176416629408
21000 -4.10674074045165 0.0908127788500352 -4.19755351930169 2.93164042996545
21100 -4.10495795907567 0.0922883498187066 -4.19724630889438 2.93118442683322
21200 -4.10665003997813 0.0911542264200965 -4.19780426639822 2.93147599544696
21300 -4.10605644096834 0.0909614227308363 -4.19701786369918 2.93163633201694
21400 -4.10740147697438 0.0902269319571185 -4.1976284089315 2.93110131267009
21500 -4.10782279484113 0.090435539990414 -4.19825833483155 2.93185771955756
21600 -4.10476723762854 0.0930969756851468 -4.19786421331369 2.93109511287175
21700 -4.10749674819316 0.0894141509819764 -4.19691089917514 2.93226569360511
21800 -4.10858682310359 0.0889293348772959 -4.19751615798089 2.93144538609158
21900 -4.10928026888597 0.0891918978384033 -4.19847216672437 2.93104907303886
22000 -4.1091554267889 0.0902930640137379 -4.19944849080264 2.93105214806015
22100 -4.10784582085392 0.0903117856853429 -4.19815760653926 2.93113015796649
22200 -4.10605012017064 0.0914303295792172 -4.19748044974986 2.93167037694324
22300 -4.10640909132504 0.0923739434567347 -4.19878303478178 2.93187694069348
22400 -4.10774416187995 0.0891105070438617 -4.19685466892381 2.93076045325526
22500 -4.10783676852827 0.0895678581399155 -4.19740462666819 2.93216293267982
22600 -4.10815694695303 0.0900668056567121 -4.19822375260975 2.93116576221897
22700 -4.10795917034492 0.0907030997450435 -4.19866227008997 2.93068550179579
22800 -4.10786596678295 0.0917875507793384 -4.19965351756228 2.93058067817927
22900 -4.10839636106107 0.0897651046773447 -4.19816146573842 2.93142619783523
23000 -4.10993300830402 0.0885060024087077 -4.19843901071273 2.9304258173629
23100 -4.10790717172353 0.0902254361481385 -4.19813260787167 2.93247766762907
23200 -4.10652035676133 0.0908082027361282 -4.19732855949745 2.93094460126622
23300 -4.10608114708893 0.0900786608608747 -4.1961598079498 2.93255769853543
23400 -4.10641399331883 0.0914549543458662 -4.1978689476647 2.93152363176551
23500 -4.10659731889143 0.0909547894116627 -4.19755210830309 2.93156835567454
23600 -4.10784872825248 0.0899942850723717 -4.19784301332485 2.93159777189218
23700 -4.10679610318751 0.0912327586913051 -4.19802886187881 2.93102754989693
23800 -4.10717113471686 0.0897369888988171 -4.19690812361568 2.93267445430971
23900 -4.10779209223549 0.0901427207015984 -4.19793481293709 2.9300715638874
24000 -4.10792407949818 0.0918888976489883 -4.19981297714717 2.93134852849978
24100 -4.10666621998438 0.0912832621757361 -4.19794948216012 2.93112026356517
24200 -4.10787087293549 0.0897568041805214 -4.19762767711602 2.93125538925236
24300 -4.10623172155986 0.090653606736456 -4.19688532829632 2.93257249106558
24400 -4.10652044159169 0.0894391793528534 -4.19595962094455 2.93182620056347
24500 -4.10823916617979 0.0899180303814858 -4.19815719656128 2.93115917293512
24600 -4.10588626027884 0.0912926977773676 -4.19717895805621 2.93197575827757
24700 -4.10550738034757 0.0903836059634936 -4.19589098631106 2.93213647179185
24800 -4.10771435306528 0.0902085710802414 -4.19792292414552 2.93159533748025
24900 -4.10617227572251 0.0898294757825466 -4.19600175150506 2.93234598575293
25000 -4.1089116217138 0.0893026500292537 -4.19821427174305 2.93074049974689
25100 -4.10708705221455 0.090920503906054 -4.1980075561206 2.93255280807966
25200 -4.11012830432152 0.0891557828531174 -4.19928408717463 2.93046936122181
25300 -4.10851138444273 0.089625538795113 -4.19813692323784 2.93132437460843
25400 -4.10814122437268 0.0898659078070392 -4.19800713217972 2.93155899584471
25500 -4.10804977151971 0.089923401515968 -4.19797317303567 2.93080457801282
25600 -4.10750639389445 0.0896266215053079 -4.19713301539976 2.93303427209646
25700 -4.1062927924474 0.0900999806211416 -4.19639277306854 2.93208226097488
25800 -4.10749831776977 0.090313854781133 -4.19781217255091 2.93098710443779
25900 -4.10795771543951 0.0904617960572147 -4.19841951149672 2.93169742247496
26000 -4.10656496602595 0.0907106840555653 -4.19727565008151 2.93126630096375
26100 -4.10783464868768 0.0901913290123134 -4.19802597769999 2.93148576706056
26200 -4.10776681755961 0.0898019557979593 -4.19756877335757 2.9316891001507
26300 -4.1067363712858 0.089879389583151 -4.19661576086895 2.9312433770254
26400 -4.10918307698262 0.0903979172034004 -4.19958099418602 2.93136445200093
26500 -4.10957280493822 0.0890912888512274 -4.19866409378944 2.93055191584571
26600 -4.10510022659365 0.0918262762168362 -4.19692650281049 2.93216418738235
26700 -4.1070367065612 0.0902138476923308 -4.19725055425353 2.93130679983598
26800 -4.10688246997665 0.0915677644357434 -4.19845023441239 2.93148050735626
26900 -4.10642195853354 0.0904557372736186 -4.19687769580716 2.93207340776322
27000 -4.10769162157142 0.0905072768210534 -4.19819889839247 2.93071958921942
27100 -4.10656099914058 0.0912508439002563 -4.19781184304083 2.93234874717956
27200 -4.10674690631692 0.0911565101569376 -4.19790341647386 2.93133009224655
27300 -4.10690609973655 0.0915688648946371 -4.19847496463118 2.93139304458659
27400 -4.10736311910458 0.0902885672556324 -4.19765168636022 2.93150038352137
27500 -4.10814934823675 0.0896856200689482 -4.1978349683057 2.93101468975889
27600 -4.10801639898448 0.0901259706329017 -4.19814236961738 2.93219440855151
27700 -4.10858941699922 0.0903111418382582 -4.19890055883748 2.9298783075797
27800 -4.10727824388542 0.0907278927340515 -4.19800613661947 2.93170950716796
27900 -4.10675036306224 0.0910936475727444 -4.19784401063498 2.93182369636416
28000 -4.10731515724401 0.0908604871131587 -4.19817564435717 2.93142678933197
28100 -4.1056279323269 0.0902356790815279 -4.19586361140843 2.93241521570506
28200 -4.10595749485881 0.0912447367171773 -4.19720223157598 2.93098231474093
28300 -4.10508460327479 0.0928192663763863 -4.19790386965118 2.93252653710139
28400 -4.10553630968984 0.0906672280514916 -4.19620353774133 2.93152562945597
28500 -4.10591226913274 0.0908306356440045 -4.19674290477675 2.9319086575131
28600 -4.10671362562095 0.0903708107254937 -4.19708443634644 2.93197829699737
28700 -4.10567838913997 0.091645766253958 -4.19732415539393 2.93180239870413
28800 -4.1065196367921 0.0907692814400701 -4.19728891823217 2.93178881252039
28900 -4.10785960954641 0.0898866703300886 -4.1977462798765 2.93169017876322
29000 -4.10559514178433 0.0910424763627963 -4.19663761814713 2.93091518054092
29100 -4.10674086905049 0.0911773726586517 -4.19791824170914 2.93288145067595
29200 -4.10561529215514 0.091157091832831 -4.19677238398797 2.93170771805487
29300 -4.1049669377346 0.0905036355288678 -4.19547057326347 2.93245267154174
29400 -4.106687428639 0.0912763255616697 -4.19796375420067 2.93147136160711
29500 -4.10540585587553 0.0911426003045877 -4.19654845618012 2.9316035031214
29600 -4.10452135518158 0.0921478865222842 -4.19666924170386 2.93287241478277
29700 -4.10482997335907 0.0908465410362094 -4.19567651439528 2.93134316461801
29800 -4.10687033479857 0.0902491254141278 -4.1971194602127 2.93234418368016
29900 -4.10895606367715 0.0886087855138769 -4.19756484919102 2.93191457777311
30000 -4.10633059629683 0.0902290761376713 -4.1965596724345 2.9317777976595
30100 -4.10530355745369 0.0924423886113748 -4.19774594606506 2.93179265940621
30200 -4.10575435178988 0.0909575795820899 -4.19671193137197 2.93175292403927
30300 -4.10660357936436 0.0897938648926878 -4.19639744425705 2.93212700299101
30400 -4.10519217539991 0.0922061161785942 -4.1973982915785 2.93209520364327
30500 -4.1057829516466 0.092254677863304 -4.19803762950991 2.93042846285627
30600 -4.10761506602361 0.0901865451330046 -4.19780161115662 2.93186211301783
30700 -4.1073011262115 0.0896234771668111 -4.19692460337831 2.93169334062437
30800 -4.10788099757164 0.0903228749591213 -4.19820387253077 2.9315357567566
30900 -4.10808418469088 0.0895018149886319 -4.19758599967951 2.93147111861993
31000 -4.10445954583454 0.0918770243394135 -4.19633657017395 2.93169129329325
31100 -4.10686277012644 0.089645207331811 -4.19650797745825 2.93216703718987
31200 -4.10944422517411 0.089896382307393 -4.1993406074815 2.9300049273192
31300 -4.10847296057556 0.0891586099806712 -4.19763157055624 2.93279110217948
31400 -4.1063275166243 0.091193676345136 -4.19752119296944 2.93081023753955
31500 -4.10688972573733 0.0907367605778671 -4.19762648631519 2.93157695263297
31600 -4.10691314957882 0.0903757088928213 -4.19728885847164 2.93176305104118
31700 -4.10841616759616 0.0897354062086134 -4.19815157380478 2.93112602930297
31800 -4.1079802845388 0.0909423194259572 -4.19892260396476 2.93182296697132
31900 -4.10889724681085 0.0901194024854908 -4.19901664929634 2.92942876217713
32000 -4.10755234724196 0.0893858991613516 -4.19693824640331 2.93191398404308
32100 -4.10712464893763 0.0915388967642861 -4.19866354570191 2.93108317958944
32200 -4.10625732821593 0.0902410990813111 -4.19649842729724 2.93180889724614
32300 -4.10796739017584 0.0893617486157201 -4.19732913879156 2.93208364639866
32400 -4.10866711547521 0.0904496367883873 -4.1991167522636 2.93016168178394
32500 -4.10858612285563 0.0892912005196182 -4.19787732337525 2.93203989087046
32600 -4.10802404477461 0.0911129386557906 -4.1991369834304 2.93052101840608
32700 -4.10536077810047 0.0930167434116699 -4.19837752151214 2.93111690666127
32800 -4.10741641603461 0.0903141432906783 -4.19773055932529 2.93186980161788
32900 -4.10898832901228 0.089567368102737 -4.19855569711501 2.93092856244548
33000 -4.10971357500141 0.0906507004520377 -4.20036427545345 2.93056594273706
33100 -4.10909263499407 0.089048812803756 -4.19814144779783 2.93066021361339
33200 -4.10764879318199 0.0906328452568176 -4.1982816384388 2.93205732079956
33300 -4.1070409872867 0.0913841521817922 -4.1984251394685 2.9313712473304
33400 -4.1080466177601 0.0913631097556756 -4.19940972751577 2.92994760371405
33500 -4.10950276987784 0.089266678648335 -4.19876944852618 2.93147613803322
33600 -4.10826872312332 0.090098355462111 -4.19836707858543 2.93085181627261
33700 -4.10876530613334 0.0887461845749307 -4.19751149070827 2.93171158307078
33800 -4.1071927162375 0.0916636079026886 -4.19885632414019 2.929793910535
33900 -4.10733820578702 0.0913836526540601 -4.19872185844108 2.93212771559398
34000 -4.10614083517086 0.0905298894108412 -4.1966707245817 2.93215272921354
34100 -4.10669106321723 0.0907627434376373 -4.19745380665487 2.93128469975173
34200 -4.10685404166253 0.0909374197952083 -4.19779146145774 2.93162593339429
34300 -4.1096799597164 0.0901377999152618 -4.19981775963166 2.93027194995942
34400 -4.10855286221805 0.0900202252225067 -4.19857308744056 2.93166188716048
34500 -4.10338798185663 0.0919634006486355 -4.19535138250527 2.93258756359859
34600 -4.10871014248148 0.0902498820299255 -4.1989600245114 2.93051895503851
34700 -4.10974467340296 0.0877490884346337 -4.19749376183759 2.93283070930341
34800 -4.10888911152748 0.0893165914380279 -4.19820570296551 2.93027933929898
34900 -4.1070059634165 0.0905429681688609 -4.19754893158536 2.93217250475617
35000 -4.10681951706287 0.0899800563055211 -4.19679957336839 2.93134229367211
35100 -4.10561608006707 0.0919132303065608 -4.19752931037363 2.93176722082915
35200 -4.10715279576661 0.091124817292642 -4.19827761305925 2.9309645135678
35300 -4.10669475095587 0.0910305084448952 -4.19772525940076 2.93105903282767
35400 -4.10493402618337 0.0915075756783232 -4.19644160186169 2.93288751818283
35500 -4.10618472241716 0.091125905066519 -4.19731062748368 2.93084842074129
35600 -4.11025734297632 0.0895068397867302 -4.19976418276305 2.9311668367127
35700 -4.11100378694229 0.0880820772029971 -4.19908586414529 2.93074990593526
35800 -4.10781256658685 0.0898285119866619 -4.19764107857351 2.93107991710421
35900 -4.10754475792534 0.0895063394867886 -4.19705109741213 2.93241905453383
36000 -4.10867564139934 0.0902332306513326 -4.19890887205067 2.93044881944571
36100 -4.10744655618979 0.0895790371593737 -4.19702559334916 2.93201774500541
36200 -4.10635951752892 0.0919043545848213 -4.19826387211374 2.9315972395946
36300 -4.10816995195392 0.0906278391409618 -4.19879779109488 2.93096182934605
36400 -4.10709820908431 0.0901623074806437 -4.19726051656495 2.93208560701114
36500 -4.10890863698046 0.0894197339307331 -4.19832837091119 2.93051786076784
36600 -4.10617883895633 0.090977935771586 -4.19715677472791 2.93254561663599
36700 -4.10670136431502 0.0901600857323736 -4.19686145004739 2.93135541347348
36800 -4.10771045216773 0.0903148000823015 -4.19802525225003 2.93168879558307
36900 -4.105792073307 0.0921030872334182 -4.19789516054042 2.93154245627683
37000 -4.10860518450971 0.0899691815375694 -4.19857436604728 2.93077157284385
37100 -4.10591129768024 0.092615878185053 -4.19852717586529 2.93236894691578
37200 -4.10462233652715 0.0913666752545935 -4.19598901178175 2.93086502630035
37300 -4.10494556019546 0.0904686379607405 -4.19541419815621 2.93296388794733
37400 -4.10761852833281 0.0904245508056863 -4.1980430791385 2.93156677554078
37500 -4.10849121450333 0.0903820023179482 -4.19887321682128 2.93095738729523
37600 -4.10783722835259 0.0903751799284868 -4.19821240828108 2.93143165402997
37700 -4.10705312328991 0.0907012794631474 -4.19775440275306 2.93106825328755
37800 -4.10663542992916 0.0908960329901088 -4.19753146291927 2.9322229322342
37900 -4.10901598236475 0.0899217288258869 -4.19893771119064 2.93104881887185
38000 -4.10725150409245 0.0913811828243115 -4.19863268691676 2.93090879854673
38100 -4.10885409105817 0.0880208486064642 -4.19687493966464 2.9324458621964
38200 -4.10913505455981 0.0899280694021234 -4.19906312396193 2.93055064536634
38300 -4.10851076666086 0.0898739988580665 -4.19838476551893 2.93101292710486
38400 -4.10875335954091 0.0898126169410599 -4.19856597648197 2.93179377835217
38500 -4.10780209295298 0.0892544897692797 -4.19705658272226 2.93101518295033
38600 -4.10610679562204 0.0921005831643733 -4.19820737878642 2.93138640076271
38700 -4.10588623616415 0.0909693307557979 -4.19685556691995 2.93209868851784
38800 -4.1021572695422 0.0930999276126265 -4.19525719715483 2.93217997540912
38900 -4.10459345137986 0.0914083303133781 -4.19600178169324 2.93394522567477
39000 -4.10553361682351 0.0911621894296192 -4.19669580625313 2.93128987620918
39100 -4.10694583320964 0.0904921492769418 -4.19743798248658 2.93173790408003
39200 -4.10593564581704 0.090807678254633 -4.19674332407167 2.9321533520345
39300 -4.10876368517215 0.0895173452627492 -4.1982810304349 2.93101951044103
39400 -4.10765683425931 0.0913735987272263 -4.19903043298654 2.93228576818883
39500 -4.10722164674981 0.0903310351118846 -4.19755268186169 2.93077601508659
39600 -4.10515413834616 0.0924845225467305 -4.19763866089289 2.93175788515153
39700 -4.10783215701055 0.091594240427019 -4.19942639743757 2.93128203231597
39800 -4.10825188349428 0.0894993288128683 -4.19775121230714 2.93068228941155
39900 -4.10739009813457 0.0912286220009976 -4.19861872013557 2.93165637282467
40000 -4.10797615353246 0.0899431089326311 -4.19791926246509 2.93067870385099
40100 -4.10579558767669 0.0900952695687536 -4.19589085724545 2.93244141573927
40200 -4.10722623563053 0.0893866198583875 -4.19661285548892 2.93171077799658
40300 -4.10870681248495 0.09117366289078 -4.19988047537573 2.93041504620104
40400 -4.1066491826088 0.0911328543408493 -4.19778203694965 2.9318806136811
40500 -4.10754059188362 0.0900216251254078 -4.19756221700903 2.93102969402001
40600 -4.10895390491364 0.0891713497065889 -4.19812525462023 2.93156975910398
40700 -4.1043232532856 0.0916384224171399 -4.19596167570274 2.93228699534051
40800 -4.10625047572921 0.0913503509688803 -4.19760082669809 2.93157950980135
40900 -4.10643292980161 0.091874904119931 -4.19830783392154 2.931388801145
41000 -4.10590578038814 0.0912829508113207 -4.19718873119946 2.93181799754602
41100 -4.10742337955731 0.090915953412793 -4.19833933297011 2.93133286339694
41200 -4.1059066097927 0.09068016044001 -4.19658677023271 2.93180812076953
41300 -4.10576754542225 0.0901980607330554 -4.1959656061553 2.93285907083912
41400 -4.10874932555432 0.0897271738528895 -4.19847649940721 2.92997930189423
41500 -4.10648678018956 0.0904458043417393 -4.1969325845313 2.93260853743826
41600 -4.10806757524972 0.0900179592994589 -4.19808553454918 2.9312359464457
41700 -4.1068580128664 0.0894928654988336 -4.19635087836524 2.93209770133954
41800 -4.10940634279512 0.0887629328731796 -4.1981692756683 2.9312031696752
41900 -4.10577770550702 0.0902304368979343 -4.19600814240496 2.93227594293824
42000 -4.10577760113552 0.0909343355615657 -4.19671193669708 2.93124185801708
42100 -4.10934437245512 0.0894925189320627 -4.19883689138718 2.93188381000889
42200 -4.10717517645865 0.0909918894228852 -4.19816706588153 2.93070108073242
42300 -4.10694290821185 0.0918913854540422 -4.19883429366589 2.93113882183812
42400 -4.1080334837436 0.0909683660880462 -4.19900184983164 2.93115304029202
42500 -4.10967329514766 0.089393900304518 -4.19906719545218 2.9308944533458
42600 -4.10816096598284 0.0896060259128392 -4.19776699189568 2.93165270802811
42700 -4.10844141964788 0.0896505554022757 -4.19809197505015 2.93121305404521
42800 -4.10715803591756 0.0908893425560634 -4.19804737847362 2.93176330746376
42900 -4.10594138408021 0.0908376128090364 -4.19677899688925 2.93180735161633
43000 -4.10834348087031 0.090249359466723 -4.19859284033703 2.93168001947034
43100 -4.1098773656313 0.0890713852317393 -4.19894875086304 2.93129142841402
43200 -4.10780807696145 0.0900093889487465 -4.1978174659102 2.93074733392266
43300 -4.10809436694681 0.0910082276284251 -4.19910259457523 2.93197882621735
43400 -4.1078616775207 0.0896174687851144 -4.19747914630581 2.93098588222402
43500 -4.10699965290395 0.0914590727042343 -4.19845872560818 2.93127301769257
43600 -4.10540222802008 0.0921433776909078 -4.19754560571098 2.93151346154907
43700 -4.10752586528153 0.0910977370777855 -4.19862360235931 2.93085355844907
43800 -4.10881932116929 0.0893848946430177 -4.19820421581231 2.93183784704694
43900 -4.10707602173187 0.0916737814630189 -4.19874980319489 2.92969248791518
44000 -4.10806005908611 0.0902481768619622 -4.19830823594807 2.93216297117642
44100 -4.10727525332418 0.0909459225761765 -4.19822117590036 2.93086158759992
44200 -4.10855261152965 0.0893893665227401 -4.19794197805239 2.93153658044499
44300 -4.11002549007293 0.0894508842360416 -4.19947637430897 2.93086292980932
44400 -4.10835413302748 0.0896304989910277 -4.1979846320185 2.93084727240214
44500 -4.10859108686479 0.0898265957638785 -4.19841768262866 2.93189465210061
44600 -4.1075280552223 0.0904928740793493 -4.19802092930165 2.93067850683166
44700 -4.10984034831486 0.0884271194898155 -4.19826746780468 2.93143648870057
44800 -4.11079633011409 0.0887571237859173 -4.19955345390001 2.93079446173131
44900 -4.10710524103002 0.0903875262184809 -4.1974927672485 2.93113401840062
45000 -4.10640906779756 0.0903006241916267 -4.19670969198919 2.9322576876547
45100 -4.10613778359138 0.0908530867094208 -4.19699087030081 2.93181301706822
45200 -4.10803877604987 0.0901151635301989 -4.19815393958006 2.93130648651708
45300 -4.10677425723988 0.0910247086929624 -4.19779896593285 2.93144057265536
45400 -4.10609821765482 0.0919205934293177 -4.19801881108414 2.93059997409437
45500 -4.108430854813 0.0908017208688326 -4.19923257568183 2.93180499756799
45600 -4.10803931856171 0.0899495153410115 -4.19798883390273 2.93054198988936
45700 -4.1079246731612 0.089788070702435 -4.19771274386364 2.93170915558451
45800 -4.10945886958112 0.0905483928426655 -4.20000726242379 2.93063483021649
45900 -4.10703600575015 0.0910641325770029 -4.19810013832715 2.93054861075937
46000 -4.10668090849931 0.0898319155869031 -4.19651282408621 2.93235026627856
46100 -4.10723699882264 0.0923465843820048 -4.19958358320465 2.92959342420595
46200 -4.10487710391384 0.092995074971101 -4.19787217888494 2.93161479166565
46300 -4.1062939439482 0.0911128452973744 -4.19740678924557 2.93179317334673
46400 -4.10481743838492 0.0913793180362028 -4.19619675642112 2.93173998434848
46500 -4.10497880292337 0.0903303328675393 -4.19530913579091 2.93261461918302
46600 -4.10667398438599 0.0916352535647693 -4.19830923795076 2.93121472601567
46700 -4.10715388486014 0.0905619067321856 -4.19771579159233 2.93069404101177
46800 -4.1087837251399 0.090292843890702 -4.19907656903061 2.93186318880459
46900 -4.10537832186481 0.0923732968496009 -4.19775161871442 2.93076047477984
47000 -4.10308528005644 0.0930533277801778 -4.19613860783661 2.93307174043223
47100 -4.10509943341842 0.0919668279662719 -4.19706626138469 2.93133721530013
47200 -4.10612510753959 0.090151696806903 -4.19627680434649 2.93185376206215
47300 -4.10791729572022 0.0896709002968846 -4.1975881960171 2.93223167447316
47400 -4.10756526075895 0.0908808614275751 -4.19844612218652 2.92963669206164
47500 -4.10842022312355 0.0915871317283135 -4.20000735485186 2.93084017940581
47600 -4.10628744387781 0.0915570816637788 -4.19784452554159 2.93151910775231
47700 -4.10586165967621 0.0916440671844251 -4.19750572686063 2.93144074224491
47800 -4.10726368514161 0.0897556735011593 -4.19701935864277 2.93256138478676
47900 -4.10564322944869 0.092348142112846 -4.19799137156154 2.92950369504912
48000 -4.10406374925832 0.0915391091486453 -4.19560285840696 2.93328893433743
48100 -4.10733352147432 0.090829230845201 -4.19816275231952 2.93149052042039
48200 -4.1061239069622 0.0915242550913521 -4.19764816205355 2.93161506084817
48300 -4.10901220727036 0.0901065217352507 -4.19911872900561 2.93149546569445
48400 -4.10680064483162 0.0902124477753164 -4.19701309260694 2.93052672050956
48500 -4.10646193445408 0.0911478781206361 -4.19760981257472 2.93257260186882
48600 -4.10738847681535 0.0896755599294491 -4.1970640367448 2.9316026358834
48700 -4.10807860869333 0.0897251790954572 -4.19780378778879 2.93121071381931
48800 -4.10544032338587 0.0912353056500553 -4.19667562903592 2.93252301900628
48900 -4.10587399679039 0.0917341327461961 -4.19760812953659 2.93082574759236
49000 -4.10699047322575 0.0914086540495101 -4.19839912727526 2.93219180835467
49100 -4.10648967299984 0.0910219804629685 -4.1975116534628 2.9316082440989
49200 -4.10674251432839 0.0912060764450845 -4.19794859077347 2.93129491727105
49300 -4.1073392858508 0.089598069672674 -4.19693735552347 2.93187847717103
49400 -4.10729494988345 0.0902044271888916 -4.19749937707234 2.93135740298808
49500 -4.1080476381124 0.0908407594540674 -4.19888839756647 2.93146741164758
49600 -4.10918519177572 0.0893705572092454 -4.19855574898497 2.93125335297626
49700 -4.10546440713257 0.0912037251311448 -4.19666813226371 2.93124138717409
49800 -4.10533621645509 0.0913478979280409 -4.19668411438314 2.93280993208996
49900 -4.10764854654158 0.0904861287481208 -4.1981346752897 2.93076879734779
50000 -4.10753921959967 0.0905423698166341 -4.19808158941631 2.93136124772852
50100 -4.10696097258249 0.0910032763860027 -4.1979642489685 2.9306351674563
50200 -4.10707162118365 0.0893090843937292 -4.19638070557738 2.93286188569514
50300 -4.10757561434963 0.0899773330129749 -4.1975529473626 2.9319617152678
50400 -4.10634365519944 0.0901796478219497 -4.19652330302139 2.931400224655
50500 -4.10707778074963 0.0931239645877298 -4.20020174533736 2.93096139918541
50600 -4.10750815649214 0.0898578996120087 -4.19736605610415 2.93141699867104
50700 -4.10767654502804 0.0895266957787114 -4.19720324080675 2.93198990206204
50800 -4.10677955411871 0.0909563813338617 -4.19773593545257 2.9319812562199
50900 -4.10822362966994 0.0909735028676875 -4.19919713253763 2.93012324774429
51000 -4.10705109285196 0.0905066631054007 -4.19755775595736 2.93206659664775
51100 -4.10834006451757 0.0906575827187747 -4.19899764723635 2.93044229325418
51200 -4.1079196088766 0.089645186637488 -4.19756479551409 2.93218002746801
51300 -4.10847230162007 0.0887259227009633 -4.19719822432103 2.93190298839928
51400 -4.10835782181012 0.0899739824864912 -4.19833180429662 2.93066890188418
51500 -4.10958798410818 0.0896494086715458 -4.19923739277972 2.93182070901367
51600 -4.11022558022563 0.0905496448048367 -4.20077522503047 2.92952551148589
51700 -4.11043645145316 0.0904436319982861 -4.20088008345145 2.93060663975891
51800 -4.10849299964703 0.0898656117484763 -4.19835861139551 2.93117450555986
51900 -4.10818940255073 0.0901747122466945 -4.19836411479743 2.93108401913842
52000 -4.10694078368177 0.0906842736415112 -4.19762505732328 2.93178369575352
52100 -4.10737781223034 0.0905326873398882 -4.19791049957023 2.9311122817557
52200 -4.10655557090403 0.090332705170672 -4.1968882760747 2.9323523953989
52300 -4.10782187488025 0.0904841368412417 -4.19830601172149 2.93124810156189
52400 -4.10823117886853 0.090795761436354 -4.19902694030489 2.93049175797404
52500 -4.1090099419425 0.0893533979620481 -4.19836333990455 2.93217236761415
52600 -4.1076870905129 0.0910284386406438 -4.19871552915355 2.93023856168785
52700 -4.10760472206978 0.0907579614501298 -4.19836268351991 2.93165846790169
52800 -4.10715203066689 0.0904440112951838 -4.19759604196208 2.9314023294099
52900 -4.10757605558525 0.0900304030716499 -4.1976064586569 2.93170731090461
53000 -4.10829130163452 0.0893929454907531 -4.19768424712527 2.93223850368474
53100 -4.10656722417236 0.0909520776156507 -4.19751930178801 2.93059292629117
53200 -4.10713409925346 0.0906633398823962 -4.19779743913586 2.93172583171672
53300 -4.1080039901355 0.0917041680341565 -4.19970815816966 2.93076985713711
53400 -4.10742138860856 0.0913401200470985 -4.19876150865566 2.93110058034539
53500 -4.10878321321284 0.08986095213235 -4.19864416534519 2.93175172158512
53600 -4.10581967873456 0.0919008343221587 -4.19772051305672 2.93022385557334
53700 -4.1079959557467 0.0907713433699482 -4.19876729911665 2.93145404875389
53800 -4.10797342969928 0.0903467482634226 -4.19832017796271 2.9313564733069
53900 -4.10943163493378 0.0902331507161588 -4.19966478564994 2.93072928692494
54000 -4.10899989741714 0.0898153343851296 -4.19881523180227 2.93123118588112
54100 -4.10787082198262 0.0901326997272348 -4.19800352170985 2.9306451745373
54200 -4.1081772593332 0.090374478442423 -4.19855173777563 2.93236722476077
54300 -4.10745283743119 0.0890212752416729 -4.19647411267286 2.9313875799514
54400 -4.1070456520611 0.0927784192893578 -4.19982407135046 2.9309531238621
54500 -4.10556724436605 0.0910376098770483 -4.1966048542431 2.93208809307824
54600 -4.10694436922277 0.0899120608461947 -4.19685643006897 2.93167831296643
54700 -4.108560202073 0.0905682514672874 -4.19912845354029 2.93126356649205
54800 -4.1047634924151 0.0913576122184459 -4.19612110463354 2.93161775829507
54900 -4.10661787457037 0.0904249768689984 -4.19704285143937 2.93201722436353
55000 -4.10729284673136 0.0908338742353708 -4.19812672096673 2.9320411908392
55100 -4.10729483110032 0.0908010922836638 -4.19809592338399 2.93065253993405
55200 -4.1074708592363 0.0902743190753299 -4.19774517831163 2.93227342597755
55300 -4.10865084346129 0.0902386050094055 -4.1988894484707 2.93025139890266
55400 -4.10839680673486 0.0888415645795647 -4.19723837131443 2.93204285558266
55500 -4.10929326076367 0.0896685098179399 -4.19896177058161 2.93074891904568
55600 -4.11163155359798 0.089030257821311 -4.2006618114193 2.93014057530198
55700 -4.10832626525299 0.0907226541558884 -4.19904891940888 2.93112310401307
55800 -4.11000695908892 0.0894620637349724 -4.19946902282389 2.93049376938963
55900 -4.10882826527135 0.0887040367313594 -4.19753230200271 2.93249030135342
56000 -4.10886009848549 0.0900594217584252 -4.19891952024391 2.93006811758782
56100 -4.10985154842614 0.0893686069821616 -4.1992201554083 2.93129258404345
56200 -4.10825188305666 0.0895849145283679 -4.19783679758503 2.93126785807997
56300 -4.10727973825783 0.0903996493661138 -4.19767938762395 2.93135721579267
56400 -4.10880913988063 0.0892913159311725 -4.19810045581181 2.93134201515979
56500 -4.10938898556235 0.0896988548321906 -4.19908784039454 2.93054765131893
56600 -4.10805719893424 0.0894166876928493 -4.19747388662709 2.93201523297539
56700 -4.10874787017259 0.0904651138460975 -4.19921298401869 2.9305268028455
56800 -4.10817090970999 0.0905979641525021 -4.19876887386249 2.9310478045408
56900 -4.10691163987054 0.0904514871489582 -4.1973631270195 2.93226629659159
57000 -4.10835194049676 0.0892131931557935 -4.19756513365255 2.93093022685767
57100 -4.10899541794455 0.0889927239737274 -4.19798814191828 2.93175743213568
57200 -4.10684490781873 0.0910954121202689 -4.197940319939 2.93149274681941
57300 -4.10892596333064 0.0908453463071517 -4.19977130963779 2.93075207153874
57400 -4.1087240105605 0.0896227389230345 -4.19834674948353 2.93142528921512
57500 -4.10886052638104 0.0897742673312308 -4.19863479371227 2.93054659199155
57600 -4.1080078061681 0.0912958771465013 -4.19930368331461 2.93164732237523
57700 -4.10575533054632 0.090707202576778 -4.1964625331231 2.93113566415116
57800 -4.10770040804866 0.0899470501034015 -4.19764745815206 2.9323196671578
57900 -4.10931242734421 0.089267794561284 -4.1985802219055 2.93082318724251
58000 -4.10986884722769 0.0885755462133334 -4.19844439344102 2.93113213356151
58100 -4.10528938030227 0.0924467199679161 -4.19773610027019 2.93154688485422
58200 -4.10660897110139 0.0903167978386978 -4.19692576894009 2.93146693860258
58300 -4.10724579821711 0.0904098881044655 -4.19765568632157 2.93208358354576
58400 -4.10839563857033 0.0895540775231053 -4.19794971609344 2.93056123231873
58500 -4.10991641439124 0.0898015685592399 -4.19971798295048 2.93100859342436
58600 -4.10940724513435 0.090239977793016 -4.19964722292737 2.9305075035706
58700 -4.10538737471199 0.0914912547985273 -4.19687862951052 2.93183641206663
58800 -4.10464386460249 0.0925703184309011 -4.19721418303339 2.93167303212653
58900 -4.10687735486452 0.0908614966806818 -4.1977388515452 2.93146782896164
59000 -4.10665599326416 0.0912237782864293 -4.19787977155059 2.93207477514861
59100 -4.10907016675243 0.0887383221551269 -4.19780848890756 2.93033720836687
59200 -4.10731255030498 0.0905488962384623 -4.19786144654344 2.93182105628835
59300 -4.10680733973651 0.0906384239246861 -4.1974457636612 2.93148100585239
59400 -4.10798102999807 0.0894339651135126 -4.19741499511159 2.93177293852878
59500 -4.10788072867832 0.0912584553833705 -4.19913918406169 2.93130273004753
59600 -4.11078986817205 0.0878612072500437 -4.1986510754221 2.93064806626094
59700 -4.10752770678502 0.0918311529132698 -4.19935885969829 2.9320655641535
59800 -4.10951511293643 0.0886997842275391 -4.19821489716397 2.9309017397812
59900 -4.10939747809747 0.0888661920511275 -4.1982636701486 2.93145070852767
60000 -4.10763675991658 0.0893824196458317 -4.19701917956241 2.93234103800136
60100 -4.10719714424223 0.0907989677729358 -4.19799611201517 2.93130797867806
60200 -4.10873723342498 0.0914500108903731 -4.20018724431536 2.93060477758091
60300 -4.10892230254627 0.0901056374936964 -4.19902794003997 2.93107091174993
60400 -4.10976893862639 0.0881895065049315 -4.19795844513132 2.93049802920763
60500 -4.10772415247186 0.0900268550582987 -4.19775100753016 2.93211114688176
60600 -4.10812021112648 0.089603037717346 -4.19772324884382 2.9310807547503
60700 -4.10883173288146 0.0899701793192072 -4.19880191220066 2.93115017593661
60800 -4.10740013424781 0.089067819796239 -4.19646795404405 2.93198844873936
60900 -4.10687797197556 0.0915059506182528 -4.19838392259382 2.93096078384349
61000 -4.10444918884496 0.092573058722324 -4.19702224756728 2.93247249777749
61100 -4.10403305484678 0.0912632695431541 -4.19529632438993 2.93240449273527
61200 -4.10550420712512 0.0904637367027576 -4.19596794382788 2.93172240627051
61300 -4.10692922355344 0.0909300414250781 -4.19785926497852 2.93227642788145
61400 -4.10689259693753 0.0917439434474002 -4.19863654038493 2.93035009535598
61500 -4.10626870993813 0.0905895347098889 -4.19685824464802 2.93228368251681
61600 -4.10540227815032 0.0918283361510377 -4.19723061430136 2.93177757020478
61700 -4.10572004873338 0.0924581785141215 -4.19817822724751 2.93018516241547
61800 -4.10720205065525 0.0903728528061184 -4.19757490346137 2.93285774392067
61900 -4.10888719510424 0.0904508517236608 -4.19933804682791 2.93014151539112
62000 -4.10773923611794 0.0898751383969074 -4.19761437451485 2.93166546055258
62100 -4.10585714620687 0.0906609951289072 -4.19651814133578 2.93213740205153
62200 -4.10876456999604 0.0897931696301864 -4.19855773962623 2.93078189520358
62300 -4.1085055809259 0.0901788900242092 -4.19868447095011 2.93199637592064
62400 -4.10880921890387 0.0903377082139105 -4.19914692711778 2.9299324327781
62500 -4.10652050882954 0.090830962810846 -4.19735147164039 2.93224238671394
62600 -4.10606470614184 0.0906510016783264 -4.19671570782016 2.93192720134538
62700 -4.10688891026553 0.0903962364193582 -4.19728514668489 2.93114105662217
62800 -4.10494086037466 0.0918999162054878 -4.19684077658014 2.9319013918088
62900 -4.10819318327981 0.0906680722037922 -4.1988612554836 2.9310973109071
63000 -4.10657220340081 0.0904441623933663 -4.19701636579417 2.93160472748308
63100 -4.10741500800413 0.0892769998801623 -4.1966920078843 2.93254219854136
63200 -4.10652894413844 0.0895944871778076 -4.19612343131625 2.9319488094666
63300 -4.10831523542764 0.0898871123644251 -4.19820234779206 2.93097184553047
63400 -4.107809310321 0.0908797348494884 -4.19868904517048 2.93158069270754
63500 -4.10712957936944 0.0910878153684227 -4.19821739473787 2.93075592548174
63600 -4.10607220088827 0.0907819666436122 -4.19685416753188 2.93199685042162
63700 -4.10546059220477 0.0911524315706121 -4.19661302377538 2.93142610328245
63800 -4.10743829642586 0.0902332860008406 -4.1976715824267 2.93194861860303
63900 -4.10646358642935 0.0907488992987022 -4.19721248572805 2.93104384916865
64000 -4.10727513853999 0.0895166460608564 -4.19679178460085 2.9321406013668
64100 -4.10802398427511 0.089350717209629 -4.19737470148474 2.93178748436769
64200 -4.10821953104145 0.0892901301415345 -4.19750966118299 2.93116225555329
64300 -4.10913820733709 0.0878108366991077 -4.1969490440362 2.93249636124341
64400 -4.10804553672562 0.0895278799087173 -4.19757341663434 2.93104261511599
64500 -4.10680804009615 0.0914405903379365 -4.19824863043409 2.93128009760389
64600 -4.1078604569948 0.0891365200333842 -4.19699697702818 2.93224657514269
64700 -4.10611171242916 0.0909464181519716 -4.19705813058113 2.9310984056893
64800 -4.10582225617159 0.0906528083706848 -4.19647506454227 2.93279723121573
64900 -4.10615491647485 0.0894465634630867 -4.19560147993794 2.93174638140289
65000 -4.10906260680255 0.0885205203727379 -4.19758312717529 2.93243617409718
65100 -4.10845601059756 0.0895760460890635 -4.19803205668663 2.9301265135161
65200 -4.10794636271039 0.0884487220000453 -4.19639508471043 2.93272113868687
65300 -4.10928009871219 0.08922871276174 -4.19850881147393 2.93073184858821
65400 -4.10519339384182 0.0928355673245762 -4.19802896116639 2.93134282225814
65500 -4.10547318430702 0.0917494194692766 -4.1972226037763 2.93226334394005
65600 -4.1064219399654 0.0913918606238762 -4.19781380058927 2.93072921634984
65700 -4.10775970150916 0.0901558062011696 -4.19791550771033 2.93275480066108
65800 -4.10876400054709 0.0898699599543975 -4.19863396050149 2.93101118362558
65900 -4.10503812930189 0.0921827344206003 -4.19722086372249 2.93148182317027
66000 -4.1064638061623 0.0914072621101387 -4.19787106827244 2.93145706041483
66100 -4.10911067530059 0.088964186471367 -4.19807486177196 2.93053355086892
66200 -4.10701914610871 0.0897151470311269 -4.19673429313984 2.93328262316504
66300 -4.10874196789857 0.0898099773567013 -4.19855194525527 2.93058991080371
66400 -4.10609401200125 0.0911226598246963 -4.19721667182595 2.9320108761586
66500 -4.10850177169632 0.0891637828949691 -4.19766555459129 2.9321166629153
66600 -4.10732720942126 0.090079100811737 -4.197406310233 2.93124687514404
66700 -4.10430345409574 0.0908193002965855 -4.19512275439232 2.93342877321007
66800 -4.10716941072482 0.0897760689419279 -4.19694547966675 2.93139641765893
66900 -4.1083016857741 0.0905521117608774 -4.19885379753498 2.93035428864137
67000 -4.10876899263782 0.0901730877520983 -4.19894208038992 2.93124072009351
67100 -4.1092664577679 0.088525919013899 -4.1977923767818 2.93103711604918
67200 -4.10786229530232 0.0900450527925931 -4.19790734809492 2.93166013242054
67300 -4.10814960911979 0.0908437745731772 -4.19899338369297 2.93101389719345
67400 -4.10995038138549 0.0886700001523872 -4.19862038153788 2.930025241736
67500 -4.1089292969403 0.0901293053186743 -4.19905860225898 2.93216783974337
67600 -4.10883487177895 0.0883507536335555 -4.1971856254125 2.93129168755004
67700 -4.1076776091053 0.0903553914941974 -4.19803300059949 2.93163039195973
67800 -4.10797297982431 0.0900013465521697 -4.19797432637648 2.93144765231607
67900 -4.10833224455841 0.0892537283923479 -4.19758597295076 2.93110182362069
68000 -4.1091987878767 0.0893012120969618 -4.19849999997367 2.9322888708868
68100 -4.10811757964179 0.0904879507189791 -4.19860553036077 2.92980995408527
68200 -4.10598888273683 0.0902319860925078 -4.19622086882933 2.93257502951667
68300 -4.10575473437443 0.0919527196422527 -4.19770745401669 2.9317247231216
68400 -4.11014535731697 0.0891874291945618 -4.19933278651153 2.93025612100671
68500 -4.10918539924335 0.0907040902139275 -4.19988948945727 2.93108335696583
68600 -4.10746588392896 0.090694275982567 -4.19816015991153 2.93003435686332
68700 -4.10827855717716 0.0897172506187109 -4.19799580779587 2.9324815750755
68800 -4.10876232257529 0.0902182854799413 -4.19898060805523 2.93051481930894
68900 -4.10739136259763 0.0896927692556637 -4.19708413185329 2.93177102672762
69000 -4.10711470509447 0.09063588533485 -4.19775059042932 2.93188046731627
69100 -4.10757153227542 0.0903862313173436 -4.19795776359276 2.93044091386433
69200 -4.10626526869381 0.0907861681004375 -4.19705143679425 2.93243331614255
69300 -4.10535028257784 0.0913054749346701 -4.19665575751251 2.9322685411158
69400 -4.10753296614115 0.0889796673611353 -4.19651263350229 2.93152282032313
69500 -4.10958495360472 0.0892491907742979 -4.19883414437902 2.93173939980733
69600 -4.10732717595404 0.0908456106358236 -4.19817278658987 2.92957855718037
69700 -4.10758232035429 0.0909986573941855 -4.19858097774847 2.93161862424628
69800 -4.10700388677212 0.0910343719334575 -4.19803825870557 2.93179804741477
69900 -4.10497412416949 0.0919948291380438 -4.19696895330753 2.93134458854573
70000 -4.10482790603506 0.0914462494320464 -4.19627415546711 2.93230670366758
70100 -4.10669888668389 0.0896266231002253 -4.19632550978411 2.9315862560426
70200 -4.10695954123839 0.0909959240623252 -4.19795546530071 2.93197520962235
70300 -4.10699701326411 0.0900185333932547 -4.19701554665737 2.93169919099433
70400 -4.10926854150944 0.088457331775061 -4.1977258732845 2.93104487757642
70500 -4.10909182069982 0.0893720349907786 -4.19846385569059 2.93174056045558
70600 -4.10805660746129 0.0896763689764464 -4.19773297643774 2.93108063649744
70700 -4.10740168727265 0.0900154158705869 -4.19741710314324 2.93160799646992
70800 -4.10816366454728 0.0913153449854207 -4.1994790095327 2.93080274128099
70900 -4.10762324454886 0.0901152357202205 -4.19773848026908 2.93113248727557
71000 -4.10944227945892 0.0901681890731724 -4.19961046853209 2.93135927208616
71100 -4.10775581179943 0.090921622491789 -4.19867743429122 2.93042062547533
71200 -4.11008030570609 0.0896189191258247 -4.19969922483192 2.93085233036108
71300 -4.11005554561509 0.0878943275276779 -4.19794987314276 2.93141447999477
71400 -4.1085088834052 0.0899096022181522 -4.19841848562335 2.93076785943891
71500 -4.10818830621696 0.0893294617506847 -4.19751776796765 2.93276602174866
71600 -4.10816705892478 0.0898105415491756 -4.19797760047396 2.93099829587588
71700 -4.10925621007989 0.0895351122555602 -4.19879132233545 2.9312020527656
71800 -4.10805626547195 0.0899983595269787 -4.19805462499893 2.93114738036331
71900 -4.10842706707698 0.0898567617500662 -4.19828382882705 2.9307765897237
72000 -4.10661332452596 0.0902005915447909 -4.19681391607075 2.93291567682159
72100 -4.10643146264717 0.0901501958920191 -4.19658165853919 2.93105001270886
72200 -4.1058853127738 0.090175467686438 -4.19606078046023 2.93252859892059
72300 -4.10756564168897 0.0897595556812137 -4.19732519737018 2.93134880881234
72400 -4.10845023872686 0.089832677300917 -4.19828291602777 2.93121588479347
72500 -4.10705742074965 0.0907843390603612 -4.19784175981001 2.93134307741412
72600 -4.10783573664391 0.0916741499570194 -4.19950988660093 2.93022716844219
72700 -4.1061744334235 0.0906091607600632 -4.19678359418356 2.93291191290026
72800 -4.10854252114321 0.0911090137021434 -4.19965153484535 2.93010394432181
72900 -4.11190867922803 0.0887356023377996 -4.20064428156583 2.93051898192736
73000 -4.1082951345078 0.0892032651957648 -4.19749839970356 2.93140174003025
73100 -4.10752837735382 0.0919260689079572 -4.19945444626178 2.93073148012033
73200 -4.10861949879593 0.089921237062112 -4.19854073585804 2.93109504505545
73300 -4.10760604261672 0.0912696880582664 -4.19887573067498 2.93153876680325
73400 -4.10893632323025 0.0896168806916676 -4.19855320392192 2.9308186548149
73500 -4.1084345659806 0.089051523500748 -4.19748608948135 2.93249042117212
73600 -4.11000771100908 0.0887951788968885 -4.19880288990597 2.93023300193959
73700 -4.11107913603113 0.0894938340130315 -4.20057297004416 2.93089035766366
73800 -4.10825047480445 0.0891174045759118 -4.19736787938036 2.93154775504916
73900 -4.10668872380942 0.0918262697791755 -4.19851499358859 2.93139982312747
74000 -4.10694549365789 0.0896297159311276 -4.19657520958901 2.93225183196426
74100 -4.10831204018225 0.0906179434811007 -4.19892998366335 2.93066350093571
74200 -4.10893652714385 0.0901332152893517 -4.1990697424332 2.93162046352787
74300 -4.10800720027748 0.0908943664780241 -4.1989015667555 2.93082364576312
74400 -4.10798205862564 0.090934426957754 -4.1989164855834 2.93063520771726
74500 -4.10513685156578 0.0912816306013188 -4.19641848216709 2.93255841680671
74600 -4.10548541260876 0.0917231111216352 -4.1972085237304 2.93133764495756
74700 -4.10781273926702 0.0906721927813079 -4.19848493204833 2.93064793260088
74800 -4.10679663107869 0.091193929356591 -4.19799056043528 2.93245844609172
74900 -4.11100189486931 0.0882571417647932 -4.1992590366341 2.92870218928874
75000 -4.10790237053675 0.0904898035804457 -4.1983921741172 2.93200818112591
75100 -4.10622846842854 0.0912849083689376 -4.19751337679748 2.93187190056744
75200 -4.10648884495213 0.0901465890254095 -4.19663543397754 2.93159504514582
75300 -4.10512799629711 0.0921453899423939 -4.1972733862395 2.93228925524797
75400 -4.11086127244618 0.0870543525742812 -4.19791562502047 2.93019936527052
75500 -4.10797555258589 0.0902235678300437 -4.19819912041593 2.93204263041351
75600 -4.10724172586283 0.091671476560364 -4.19891320242319 2.9310784074503
75700 -4.10617108007838 0.0912350412574054 -4.19740612133579 2.93126275029018
75800 -4.10356939397359 0.0922876849481519 -4.19585707892174 2.93289687460265
75900 -4.10585844824413 0.090103894619719 -4.19596234286384 2.93201638307998
76000 -4.10765811736053 0.0898352606754311 -4.19749337803596 2.93095723477978
76100 -4.10779738508135 0.0907883434649411 -4.19858572854629 2.93229153726676
76200 -4.10710232785654 0.0894319363846241 -4.19653426424116 2.93111805938751
76300 -4.10575880583071 0.0905951055523519 -4.19635391138306 2.93226171669872
76400 -4.10630450248029 0.0902738242322205 -4.19657832671251 2.9321490538529
76500 -4.10944261389603 0.0886683459739887 -4.19811095987002 2.93114070549636
76600 -4.10785435157164 0.0903608846748704 -4.19821523624651 2.93167615695344
76700 -4.10826610863515 0.0899627204887182 -4.19822882912386 2.93077774086946
76800 -4.10755478974761 0.0903393507426577 -4.19789414049027 2.9320470718198
76900 -4.10639956968072 0.0915564046922613 -4.19795597437298 2.93122040533183
77000 -4.10602269333878 0.0909415013810228 -4.19696419471981 2.93160914549071
77100 -4.10788702698613 0.0896840998499102 -4.19757112683604 2.93153313028074
77200 -4.10635205750235 0.0905405600524116 -4.19689261755476 2.931714434884
77300 -4.10821829265034 0.0903486988708107 -4.19856699152115 2.93148625577622
77400 -4.10788260691533 0.0912653637120678 -4.19914797062739 2.93018557273421
77500 -4.10756288001871 0.0894104631403237 -4.19697334315904 2.93245867173705
77600 -4.10735583932371 0.0905915851457633 -4.19794742446947 2.93097444207333
77700 -4.1078933983626 0.091017743437438 -4.19891114180004 2.93080903940694
77800 -4.10756395826334 0.0904767226075067 -4.19804068087085 2.93237872671708
77900 -4.10614818540352 0.091562623554853 -4.19771080895837 2.93029813876027
78000 -4.1063866980041 0.0905723832510392 -4.19695908125514 2.93254772393471
78100 -4.10852111481884 0.0909663080878584 -4.19948742290669 2.93085051701392
78200 -4.10754999231362 0.0902641248337972 -4.19781411714742 2.93109813445185
78300 -4.10581423269884 0.0917873834730219 -4.19760161617186 2.93187973979698
78400 -4.10872169850114 0.0895683122778994 -4.19829001077904 2.92986357075518
78500 -4.10738492929192 0.0906355779858603 -4.19802050727778 2.93233493795205
78600 -4.10889723455086 0.0897501970877201 -4.19864743163858 2.93060239783332
78700 -4.10822020338979 0.0890933726816779 -4.19731357607147 2.9318845449569
78800 -4.10840912574205 0.0900438868158119 -4.19845301255786 2.93143017507334
78900 -4.1048166974052 0.0915420046237168 -4.19635870202892 2.93109750831357
79000 -4.10755137413731 0.0905595232846341 -4.19811089742195 2.93243283762614
79100 -4.10783811093636 0.0893386917631435 -4.1971768026995 2.93135827475208
79200 -4.10706957734802 0.0917881624137631 -4.19885773976179 2.93099109682435
79300 -4.10592428757931 0.0904220805864946 -4.1963463681658 2.93256116312615
79400 -4.10576610652144 0.0906928238743387 -4.19645893039578 2.9312871352327
79500 -4.10672803733053 0.0909751918071858 -4.19770322913772 2.9316765414428
79600 -4.10942263733759 0.0885713730586049 -4.1979940103962 2.93107335884874
79700 -4.10726182341111 0.0907384544987657 -4.19800027790988 2.93137383703407
79800 -4.10785474851539 0.0897044772464068 -4.1975592257618 2.93158353524771
79900 -4.10584172313726 0.0901622399356816 -4.19600396307294 2.93225924504521
80000 -4.10523861844492 0.0921944705916876 -4.19743308903661 2.93192221757356
80100 -4.10626876227251 0.0905474201151287 -4.19681618238763 2.9322569081714
80200 -4.10591308611393 0.0906681232910977 -4.19658120940503 2.93199829683056
80300 -4.10553261918998 0.0914049716393853 -4.19693759082936 2.9315430623975
80400 -4.1039011106843 0.092957418215193 -4.19685852889949 2.93268731773143
80500 -4.10351359982758 0.0924595999595999 -4.19597319978718 2.9321877768196
80600 -4.1049482815752 0.091222037942944 -4.19617031951814 2.93176344332804
80700 -4.10698996979325 0.0904945316023656 -4.19748450139562 2.93246734677987
80800 -4.10568716927078 0.0922779333017648 -4.19796510257254 2.93103910208713
80900 -4.10534329439068 0.0904722156704242 -4.19581551006111 2.93232890606227
81000 -4.10417061165811 0.0916978516506078 -4.19586846330872 2.93231683912796
81100 -4.10650447344899 0.0923777032477355 -4.19888217669673 2.93134789769423
81200 -4.10586479812157 0.091644159304442 -4.19750895742601 2.93186220465797
81300 -4.10677528820019 0.0915870662732249 -4.19836235447341 2.93085388559204
81400 -4.10862233933637 0.0894933732328741 -4.19811571256924 2.93214346175711
81500 -4.10795261425339 0.0907861371052382 -4.19873875135863 2.93030895353019
81600 -4.1060699413977 0.0909777195909165 -4.19704766098862 2.93166221371507
81700 -4.10528300608689 0.0924856015949645 -4.19776860768186 2.9316295630891
81800 -4.10571620686706 0.0918159631559235 -4.19753217002298 2.93141169918531
81900 -4.10715558862787 0.0898540470483607 -4.19700963567623 2.93202507222803
82000 -4.10746991227324 0.0901827686154503 -4.19765268088869 2.93177123433741
82100 -4.10583173028988 0.0903933343494575 -4.19622506463934 2.93139944554054
82200 -4.10847583983567 0.0898725454346566 -4.19834838527033 2.93211687853954
82300 -4.10651380195093 0.0910088153136285 -4.19752261726456 2.93074020503998
82400 -4.10551205750382 0.0914701576222764 -4.1969822151261 2.93201587795318
82500 -4.10645542791094 0.0910684706059598 -4.1975238985169 2.93192370048836
82600 -4.10515922286619 0.0909273463081247 -4.19608656917431 2.93199997530132
82700 -4.10226264957794 0.0934209567268246 -4.19568360630476 2.93272091703775
82800 -4.10607346411627 0.0921959891345405 -4.19826945325081 2.93077485530132
82900 -4.10438804322365 0.0921302075743407 -4.19651825079799 2.93276026239509
83000 -4.1065602500484 0.0915270047904732 -4.19808725483887 2.93067369390183
83100 -4.10769115808978 0.0901084428488802 -4.19779960093866 2.93112749640769
83200 -4.10654335441256 0.0907572483890062 -4.19730060280156 2.93313262729877
83300 -4.10784313664851 0.0908076804492163 -4.19865081709773 2.93020891734455
83400 -4.10927448826631 0.0913332097464894 -4.2006076980128 2.93045288456344
83500 -4.10870702992895 0.0900033024643222 -4.19871033239327 2.93119193232537
83600 -4.10831600102242 0.088330659509535 -4.19664666053196 2.93175085126671
83700 -4.10720465473546 0.0902798681179454 -4.19748452285341 2.93201529639999
83800 -4.10708292648914 0.0898571265567472 -4.19694005304589 2.93112607347875
83900 -4.10695772132452 0.0903023953425759 -4.1972601166671 2.93256096102271
84000 -4.10489835327588 0.0919867409689631 -4.19688509424484 2.93190032254873
84100 -4.10467274484873 0.0906798862803414 -4.19535263112907 2.93231463631266
84200 -4.10695581968671 0.0895507178458456 -4.19650653753255 2.93250213820511
84300 -4.10792262464332 0.0905901036089784 -4.1985127282523 2.93096230360624
84400 -4.1060469057413 0.0902563390265449 -4.19630324476784 2.9322733938754
84500 -4.10653361217934 0.0909349807389208 -4.19746859291826 2.93176939951495
84600 -4.10736571747094 0.0919733244890726 -4.19933904196002 2.93097678724749
84700 -4.10626335806886 0.0896104486078162 -4.19587380667667 2.93255101160524
84800 -4.1063808958204 0.0901304909159713 -4.19651138673637 2.93205683682892
84900 -4.10792993702 0.0911201579719057 -4.19905009499191 2.93010004760113
85000 -4.10695854941862 0.0899476998752456 -4.19690624929387 2.93265700270615
85100 -4.10669057680735 0.0918539908921034 -4.19854456769945 2.9310596366469
85200 -4.10636507344986 0.0905326776630975 -4.19689775111296 2.93182503653959
85300 -4.10772277957184 0.0903371661001912 -4.19805994567203 2.93136588014414
85400 -4.10346145735701 0.0918370396101505 -4.19529849696716 2.9329369152985
85500 -4.10627959974175 0.0910357662902157 -4.19731536603196 2.931553246238
85600 -4.10597540732337 0.0920492298043629 -4.19802463712773 2.93101778475189
85700 -4.10786729329679 0.0903049637469514 -4.19817225704374 2.93179692883265
85800 -4.10518866310362 0.090537769411138 -4.19572643251476 2.93117191780525
85900 -4.1077325646776 0.089934952435391 -4.197667517113 2.93286442588927
86000 -4.10469071093246 0.0912391836066676 -4.19592989453913 2.93181981433154
86100 -4.10502309042477 0.0911650868750919 -4.19618817729986 2.9321302590489
86200 -4.10633905778299 0.0918018581795968 -4.19814091596259 2.93157913148259
86300 -4.10595977249965 0.0916746085592676 -4.19763438105892 2.93056215976516
86400 -4.10471773984296 0.0919452612447649 -4.19666300108773 2.93327497772368
86500 -4.10516025248542 0.0904897627439188 -4.19565001522934 2.93196036299885
86600 -4.10652050703137 0.090976621579668 -4.19749712861104 2.93165503760211
86700 -4.10892488494164 0.089080202894469 -4.19800508783611 2.93194884043606
86800 -4.10784183535352 0.0901224305766027 -4.19796426593012 2.93065544623146
86900 -4.10794129811259 0.0901913645627491 -4.19813266267534 2.93212960687819
87000 -4.1068438395157 0.0903916719681815 -4.19723551148388 2.93219765501038
87100 -4.10753635408245 0.0916301751154485 -4.1991665291979 2.93048386041472
87200 -4.10918667615945 0.090015368824885 -4.19920204498434 2.93168486999013
87300 -4.10889181491656 0.0896209113686107 -4.19851272628517 2.93075478101528
87400 -4.10731239042516 0.0899955909164786 -4.19730798134164 2.93216978406577
87500 -4.10853774700315 0.0897954165520392 -4.19833316355519 2.93129125201969
87600 -4.10781471031461 0.0896086499716589 -4.19742336028627 2.93130704734826
87700 -4.10824195298898 0.0889262554707464 -4.19716820845973 2.93217559413282
87800 -4.1051602337677 0.0908759942085553 -4.19603622797626 2.93217841822902
87900 -4.10341149466244 0.0919283112139495 -4.19533980587639 2.93228094847518
88000 -4.10673675709863 0.0916883385470245 -4.19842509564565 2.93152862991838
88100 -4.1059922639492 0.0909572066207067 -4.19694947056991 2.93071671975246
88200 -4.10699899558713 0.0904170309413749 -4.1974160265285 2.93227709332198
88300 -4.10730118699576 0.0907351921987202 -4.19803637919448 2.93125033987061
88400 -4.10925859396957 0.089349827295687 -4.19860842126525 2.93109743904568
88500 -4.10629346001574 0.0909740484326823 -4.19726750844842 2.93177975153075
88600 -4.10643359785209 0.0896689413846745 -4.19610253923677 2.93194260024074
88700 -4.1055904485007 0.0912877789048702 -4.19687822740557 2.93203341717632
88800 -4.10767834168509 0.0889012115580618 -4.19657955324315 2.93167422321897
88900 -4.10621979710652 0.0904308188870227 -4.19665061599354 2.93227108888331
89000 -4.10691777905354 0.0913882066593417 -4.19830598571288 2.93079000727175
89100 -4.10747576389408 0.0896653718263959 -4.19714113572047 2.93166571154478
89200 -4.10791976447327 0.0903447050241171 -4.19826446949739 2.93181122502584
89300 -4.10772429675572 0.0910577548232767 -4.198782051579 2.93034443500737
89400 -4.10397535779096 0.0933780454811765 -4.19735340327214 2.93224098667802
89500 -4.10465835149553 0.091217233592464 -4.195875585088 2.93196143252192
89600 -4.10518276502107 0.0916110499124573 -4.19679381493353 2.93217645965706
89700 -4.1066112886039 0.090406179507901 -4.1970174681118 2.931275177155
89800 -4.10492574142853 0.0912067282490125 -4.19613246967754 2.93228851437947
89900 -4.10688281510847 0.0906905681383326 -4.1975733832468 2.93210330603327
90000 -4.10766021353537 0.0904900841419893 -4.19815029767736 2.93076715373661
90100 -4.1087222247297 0.0896753188818156 -4.19839754361151 2.93108049707067
90200 -4.10872540210625 0.0903823099470326 -4.19910771205328 2.93085057897409
90300 -4.10798409052145 0.0900396171067326 -4.19802370762818 2.93127157328187
90400 -4.10773351915592 0.0901570160412553 -4.19789053519717 2.93157121595988
90500 -4.10573440830932 0.0918436706924178 -4.19757807900174 2.93133570751648
90600 -4.10800616918621 0.0897493387633086 -4.19775550794951 2.93195170711753
90700 -4.10845068380636 0.0899844680233447 -4.1984351518297 2.9303739401373
90800 -4.10840505219958 0.0900288693977199 -4.1984339215973 2.93116115670237
90900 -4.10661979426901 0.0895302867270266 -4.19615008099603 2.93257090378335
91000 -4.10619489001881 0.0924365207566807 -4.19863141077549 2.93063761614639
91100 -4.10682365655271 0.091840824301164 -4.19866448085387 2.93154333676104
91200 -4.10598968669371 0.0912686219865477 -4.19725830868026 2.9310672401377
91300 -4.10570904855954 0.0911342815479211 -4.19684333010747 2.9321931472253
91400 -4.10550159593838 0.0908710944701504 -4.19637269040853 2.93246337345987
91500 -4.10826943712119 0.0897659574394542 -4.19803539456065 2.93075216882049
91600 -4.10782694506455 0.0902627001134638 -4.19808964517802 2.93261835937283
91700 -4.10665627621507 0.0915242166025712 -4.19818049281764 2.93056610087022
91800 -4.10516861524586 0.0911776561630712 -4.19634627140893 2.93219410175785
91900 -4.10678755335642 0.091609935375264 -4.19839748873169 2.93120060944962
92000 -4.10506317830954 0.0925669236341082 -4.19763010194365 2.93119301964617
92100 -4.10823388144177 0.0896408160764389 -4.19787469751821 2.93236453942722
92200 -4.10625908006373 0.0906118530054488 -4.19687093306918 2.9302778689101
92300 -4.10561361689392 0.0920642319835109 -4.19767784887743 2.9323929741979
92400 -4.10955383113851 0.0887417304602462 -4.19829556159875 2.93078329760454
92500 -4.10786157428537 0.0909611096714246 -4.19882268395679 2.93094677338811
92600 -4.1091290827015 0.0885456360020707 -4.19767471870357 2.93181808062935
92700 -4.10762210481937 0.0902721365929822 -4.19789424141235 2.93047654891926
92800 -4.10882466087898 0.0897595313954608 -4.19858419227444 2.93241363885766
92900 -4.10844900254278 0.089530258919239 -4.19797926146201 2.93090664928545
93000 -4.10871018911408 0.0883280694610399 -4.19703825857512 2.93163695635021
93100 -4.10899725300668 0.0900028411652102 -4.19900009417189 2.9314571659927
93200 -4.10954899028636 0.0888113459300872 -4.19836033621645 2.93060579820042
93300 -4.10683226845548 0.0903444236586015 -4.19717669211408 2.9323405719992
93400 -4.10623174276186 0.0898158045530964 -4.19604754731495 2.93231914408554
93500 -4.10701462109434 0.0918741414536776 -4.19888876254802 2.93015944689057
93600 -4.10720437094504 0.0897125810990483 -4.19691695204409 2.9327176674544
93700 -4.10744620246949 0.0910096049555204 -4.19845580742501 2.93076739156744
93800 -4.10614636012662 0.0898616802581645 -4.19600804038478 2.93295538276985
93900 -4.10491516203482 0.0916438566117133 -4.19655901864654 2.93219811876193
94000 -4.10563672931176 0.091522455118208 -4.19715918442996 2.93091452250137
94100 -4.10439984120349 0.0922576255116122 -4.1966574667151 2.93287401586459
94200 -4.10834621384245 0.0896041271979879 -4.19795034104044 2.93093786923533
94300 -4.10732765039426 0.0896364507672802 -4.19696410116154 2.93223014193485
94400 -4.10801706636256 0.0900020847153205 -4.19801915107788 2.93141333957325
94500 -4.10644104301313 0.0917147105319471 -4.19815575354507 2.93110262121854
94600 -4.10511347079541 0.0909581273862268 -4.19607159818163 2.93240051501075
94700 -4.10507106224511 0.0918393597296485 -4.19691042197475 2.93183488022951
94800 -4.10628496148313 0.0907923940608337 -4.19707735554397 2.93156117593406
94900 -4.10716056494817 0.0907353099872671 -4.19789587493544 2.93217850345612
95000 -4.1096726609961 0.0891474647486865 -4.19882012574479 2.9302229379461
95100 -4.10959711153618 0.0901995489728507 -4.19979666050903 2.93145661492602
95200 -4.10659996848561 0.0915394532058159 -4.19813942169143 2.93150580256053
95300 -4.10694635129465 0.0905584186436567 -4.19750476993831 2.93101968608192
95400 -4.10641134169208 0.0908026498684004 -4.19721399156048 2.93276435142545
95500 -4.10934346384001 0.089934397801014 -4.19927786164103 2.92990188539243
95600 -4.10986471665479 0.0895752983350157 -4.1994400149898 2.93065888686684
95700 -4.10862117516537 0.0901286887474994 -4.19874986391287 2.93104106354369
95800 -4.10887202910525 0.09188400084632 -4.20075602995157 2.92994206942137
95900 -4.10543414408005 0.0906115607520055 -4.19604570483206 2.93261946501483
96000 -4.10795100866594 0.0901025481316147 -4.19805355679755 2.93115923350988
96100 -4.10496881295061 0.0917844186980739 -4.19675323164869 2.9322596390547
96200 -4.10681512814879 0.0904595471817853 -4.19727467533057 2.93214303526058
96300 -4.10768132547318 0.0899451929798764 -4.19762651845305 2.93101604223921
96400 -4.10678563782671 0.0886667939833622 -4.19545243181007 2.93285648775658
96500 -4.1081856314262 0.0895550552154728 -4.19774068664167 2.93140833987515
96600 -4.10479928710915 0.0917696165011365 -4.19656890361029 2.93216285152089
96700 -4.10866467637487 0.0902293294379775 -4.19889400581285 2.9309282476348
96800 -4.10697863749908 0.0919291140312282 -4.1989077515303 2.9310146912293
96900 -4.10598398102171 0.0900844834982495 -4.19606846451996 2.93219994635905
97000 -4.10695015819596 0.0905206064321365 -4.1974707646281 2.93122776503518
97100 -4.10683755373589 0.090713219824598 -4.19755077356048 2.93249915327935
97200 -4.10830657745783 0.089486414878608 -4.19779299233644 2.93120995753911
97300 -4.10643292984342 0.0913324354468539 -4.19776536529027 2.93163719161316
97400 -4.11060707115949 0.0888741645535046 -4.199481235713 2.93075195100547
97500 -4.10754921869663 0.0902875795480178 -4.19783679824465 2.93127771336217
97600 -4.10813420883293 0.08986148850151 -4.19799569733444 2.93171848305675
97700 -4.10616796148706 0.0909239116644951 -4.19709187315156 2.93195429988526
97800 -4.10772623837626 0.0898287236174984 -4.19755496199376 2.93164027502545
97900 -4.10768193145622 0.0899292672184612 -4.19761119867468 2.93159815119982
98000 -4.11065016607084 0.0873651932863743 -4.19801535935721 2.93064554635002
98100 -4.10908214663884 0.0896913954584303 -4.19877354209727 2.93225785767693
98200 -4.10882593179223 0.0889405064514696 -4.1977664382437 2.93042050979056
98300 -4.10741251616185 0.090478162652734 -4.19789067881459 2.93180825684903
98400 -4.10995444227114 0.0893324177804555 -4.1992868600516 2.93076090892666
98500 -4.10907867425697 0.0904288853626418 -4.19950755961961 2.93105483528372
98600 -4.10751693372739 0.0900926101551664 -4.19760954388256 2.93155626284243
98700 -4.10609920642589 0.0901733964393906 -4.19627260286528 2.93217889560228
98800 -4.10642166144381 0.0913537809341844 -4.19777544237799 2.93207717514217
98900 -4.1057478895497 0.0927867050929568 -4.19853459464266 2.93018047696886
99000 -4.10854151010491 0.0901538374187301 -4.19869534752364 2.93224893640019
99100 -4.10725985168957 0.0912704659315051 -4.19853031762107 2.9310447758859
99200 -4.10541511596436 0.0904594060712802 -4.19587452203564 2.93186379723393
99300 -4.1063662418757 0.0910455730871508 -4.19741181496286 2.93230517607864
99400 -4.10965128320234 0.0893933126462505 -4.19904459584859 2.93054564797455
99500 -4.10912689947579 0.0885489971787969 -4.19767589665459 2.93144845463838
99600 -4.10897433231308 0.089556500492368 -4.19853083280545 2.93132636228562
99700 -4.10872354720451 0.0906102695941344 -4.19933381679864 2.93036566697895
99800 -4.10813108132368 0.0915177513291298 -4.19964883265281 2.93097407692407
99900 -4.10680499702049 0.09043154187612 -4.19723653889661 2.93183443793997
100000 -4.10665598221316 0.0908156994341299 -4.19747168164729 2.93135936423246
