step E [eV/atom] ke [eV/atom] pe [eV/atom] latparam
100 -4.29042182767032 5.63502991273966e-29 -4.29042182767032 2.85668296095919
200 -4.29123180374395 1.03575506419143e-28 -4.29123180374395 2.87107469933274
300 -4.29134547985562 2.64507485011157e-28 -4.29134547985562 2.86766623812627
400 -4.29128223622321 4.93084518213906e-28 -4.29128223622321 2.86407652131154
500 -4.29110420295988 1.98577875655962e-28 -4.29110420295988 2.87296797180636
600 -4.29115785287703 3.22191706792255e-28 -4.29115785287703 2.86212630875834
700 -4.2913409250404 3.31028404707396e-28 -4.2913409250404 2.86802887156268
800 -4.29114929695283 7.67163237590239e-29 -4.29114929695283 2.87236990474007
900 -4.2912551778368 3.41456935492817e-28 -4.2912551778368 2.86354836607486
1000 -4.29130566847148 3.23849513080283e-28 -4.29130566847148 2.86943964353767
1100 -4.29134267272055 4.88123373295525e-28 -4.29134267272055 2.86790655371821
1200 -4.29110950211199 2.41713895500745e-28 -4.29110950211199 2.86156746050366
1300 -4.29051791549378 2.11320791463383e-28 -4.29051791549378 2.87828519074457
1400 -4.2910614343368 1.62475672702248e-28 -4.2910614343368 2.86106926909091
1500 -4.29133799136143 3.05314122883185e-28 -4.29133799136143 2.86820740547573
1600 -4.29108150038682 2.88224905122559e-28 -4.29108150038682 2.8732490978772
1700 -4.29094897530895 2.78266809307187e-28 -4.29094897530895 2.86005710457709
1800 -4.29117860347748 4.50145820379878e-28 -4.29117860347748 2.87194590998403
1900 -4.29134733006216 3.68569347198907e-28 -4.29134733006216 2.86744396932915
2000 -4.29126713891017 1.98496274787071e-28 -4.29126713891017 2.86377039171495
2100 -4.29105541782964 3.39458044459939e-28 -4.29105541782964 2.87355840729718
2200 -4.29098574039812 3.67623656624575e-28 -4.29098574039812 2.8603686899848
2300 -4.29129697337754 2.6084662180807e-28 -4.29129697337754 2.86968002062769
2400 -4.29121296463113 3.15571721115211e-28 -4.29121296463113 2.87140144085087
2500 -4.29118322242126 3.41824876056554e-28 -4.29118322242126 2.86245012597351
2600 -4.29123053441543 2.80039512902915e-28 -4.29123053441543 2.87109746957963
2700 -4.29134217369394 2.45906741145604e-28 -4.29134217369394 2.8679430488373
2800 -4.29095786757553 3.4123958446067e-28 -4.29095786757553 2.86013098664077
2900 -4.29018141428663 2.34749249125313e-28 -4.29018141428663 2.88049564128493
3000 -4.29125623146999 3.49505348470084e-28 -4.29125623146999 2.86356730382141
3100 -4.29134604442039 2.50142540781133e-28 -4.29134604442039 2.86760688573022
3200 -4.29129105041824 3.20662475669779e-28 -4.29129105041824 2.86983286229502
3300 -4.29075897136341 3.04280435665828e-28 -4.29075897136341 2.85865347206582
3400 -4.2905280478142 3.58478528714051e-28 -4.2905280478142 2.87821280166017
3500 -4.29133799121048 3.4279026625097e-28 -4.29133799121048 2.86579956088816
3600 -4.29128113970703 3.00891522076357e-28 -4.29128113970703 2.86405313889781
3700 -4.291068498675 1.99942148540554e-28 -4.291068498675 2.87340499301477
3800 -4.291187609104 2.61265356776491e-28 -4.291187609104 2.8625087339985
3900 -4.29133358382672 2.59386090491156e-28 -4.29133358382672 2.86843570256726
4000 -4.29116183597817 1.92602728442268e-28 -4.29116183597817 2.87219240391693
4100 -4.29032456546344 2.91519338422737e-28 -4.29032456546344 2.85619260906713
4200 -4.29047608759053 2.79975596970026e-28 -4.29047608759053 2.87857981812387
4300 -4.29133500452498 4.51320316797748e-28 -4.29133500452498 2.86564704850243
4400 -4.29133154461637 5.16711959130617e-28 -4.29133154461637 2.86549012621932
4500 -4.29123342341383 2.43660363796051e-28 -4.29123342341383 2.87104547246586
4600 -4.29118593006746 3.44831133258789e-28 -4.29118593006746 2.86248620247992
4700 -4.29131224141072 3.7458226549785e-28 -4.29131224141072 2.86924207680605
4800 -4.29114839556828 2.67878760291228e-28 -4.29114839556828 2.87238245669026
4900 -4.29084045585213 3.44882174421273e-28 -4.29084045585213 2.85921945648402
5000 -4.29095950525016 3.26943729583579e-28 -4.29095950525016 2.87459659933303
5100 -4.29134119156994 2.12197223418057e-28 -4.29134119156994 2.86598918370146
5200 -4.29130982160342 3.38712776376085e-28 -4.29130982160342 2.86474908529346
5300 -4.2912468862948 3.83084718989504e-28 -4.2912468862948 2.87079451926287
5400 -4.29125932368114 3.09752032528402e-28 -4.29125932368114 2.86362354394761
5500 -4.2913067893276 3.75571472289601e-28 -4.2913067893276 2.86940703043253
5600 -4.29084212929261 3.43930527704891e-28 -4.29084212929261 2.87571376886086
5700 -4.29084689605775 3.22287919414185e-28 -4.29084689605775 2.85926625516123
5800 -4.29111810483508 2.22948031156854e-28 -4.29111810483508 2.87278966143558
5900 -4.29134068905178 4.0278828895021e-28 -4.29134068905178 2.86595704881497
6000 -4.29127837609522 2.54164638440613e-28 -4.29127837609522 2.86399506811232
6100 -4.29089214851802 3.47344909305725e-28 -4.29089214851802 2.87525442143164
6200 -4.29078965590286 3.6543430502091e-28 -4.29078965590286 2.85886121771358
6300 -4.29089435927862 3.85113310196345e-28 -4.29089435927862 2.87523358697794
6400 -4.29124927267787 2.7115687785407e-28 -4.29124927267787 2.87074842012477
6500 -4.29121435819825 3.55727269941668e-28 -4.29121435819825 2.862886004407
6600 -4.29122014971989 2.66452976849917e-28 -4.29122014971989 2.87127954582089
6700 -4.29131899763245 3.3061577996819e-28 -4.29131899763245 2.86502629653273
6800 -4.29131509431144 3.05265465992549e-28 -4.29131509431144 2.86490366016884
6900 -4.29050124226986 2.33783629892262e-28 -4.29050124226986 2.87840343247442
7000 -4.29084302697599 4.31615529501685e-28 -4.29084302697599 2.85923810064847
7100 -4.29118562397259 2.45018937842947e-28 -4.29118562397259 2.87183927390576
7200 -4.29133562497569 3.06677012331541e-28 -4.29133562497569 2.86833465817024
7300 -4.29099083049812 3.93799181187909e-28 -4.29099083049812 2.86041315857309
7400 -4.28935575087969 5.22555215726134e-28 -4.28935575087969 2.88491651755108
7500 -4.2910179983903 3.48177963894378e-28 -4.2910179983903 2.86065652458483
7600 -4.29133902691447 3.57773070085978e-28 -4.29133902691447 2.86814745629078
7700 -4.29124594751307 3.55925870641138e-28 -4.29124594751307 2.87081251299698
7800 -4.2909266926972 2.40210107905912e-28 -4.2909266926972 2.85987581372281
7900 -4.28937777834602 3.05948861903057e-28 -4.28937777834602 2.88481129998345
8000 -4.29124302289537 2.52448008026401e-28 -4.29124302289537 2.86333750687561
8100 -4.29133643131216 2.64808365214337e-28 -4.29133643131216 2.86571756167325
8200 -4.29104917596307 2.86306229448855e-28 -4.29104917596307 2.87363046715755
8300 -4.29106597601113 1.29134827073674e-28 -4.29106597601113 2.86111431961055
8400 -4.29125153163253 4.72238897936185e-28 -4.29125153163253 2.87070429464286
8500 -4.29122632308476 2.61302969260821e-28 -4.29122632308476 2.87117219243817
8600 -4.29044829175556 2.41984829064135e-28 -4.29044829175556 2.8568213413946
8700 -4.29091232551428 2.26240436403261e-28 -4.29091232551428 2.87506247044595
8800 -4.2912976130191 2.38387550237535e-28 -4.2912976130191 2.86442830455334
8900 -4.29134776144552 1.85982681794351e-28 -4.29134776144552 2.86661244411587
9000 -4.29111330016914 1.44543415963821e-28 -4.29111330016914 2.87285185200072
9100 -4.29034569585082 2.98746810588213e-28 -4.29034569585082 2.85629683084812
9200 -4.29010761446485 2.420079870347e-28 -4.29010761446485 2.88093965605909
9300 -4.29134881257591 2.39258752444974e-28 -4.29134881257591 2.86706162438678
9400 -4.29130441232091 5.04800217912319e-28 -4.29130441232091 2.86460135340269
9500 -4.29125089919479 2.84907477730248e-28 -4.29125089919479 2.87071669720474
9600 -4.29124731646858 3.36957147797754e-28 -4.29124731646858 2.86341046163839
9700 -4.29133337659466 3.44827298647956e-28 -4.29133337659466 2.86844558157727
9800 -4.29084261854775 2.07464932845319e-28 -4.29084261854775 2.87570938164942
9900 -4.29088199699109 4.05678959317141e-28 -4.29088199699109 2.85952731347327
10000 -4.29113774990288 1.31564377207112e-28 -4.29113774990288 2.87252871238708
10100 -4.29134872554447 4.50532064879382e-28 -4.29134872554447 2.86686418196777
10200 -4.29121603254814 5.05920745041512e-28 -4.29121603254814 2.8629108895166
10300 -4.29073160022129 4.71511034694943e-28 -4.29073160022129 2.87665888347573
10400 -4.29063909020232 2.91197150460005e-28 -4.29063909020232 2.85789442862717
10500 -4.29112084791941 2.89959178917195e-28 -4.29112084791941 2.87275387874026
10600 -4.29129073590474 3.24017488989532e-28 -4.29129073590474 2.86984076480285
10700 -4.29124258865496 3.76095712878066e-28 -4.29124258865496 2.86333021575362
10800 -4.29124026893344 2.66581986098023e-28 -4.29124026893344 2.87091972540893
10900 -4.2913385627937 3.22221997348117e-28 -4.2913385627937 2.86583109777055
11000 -4.29125801206884 2.97071851869932e-28 -4.29125801206884 2.8635995663909
11100 -4.29084844572748 3.70462494952558e-28 -4.29084844572748 2.87565697494138
11200 -4.29108039660841 3.05199557468047e-28 -4.29108039660841 2.86126000600725
11300 -4.29128974652265 4.00530518875828e-28 -4.29128974652265 2.86986549254816
11400 -4.29125464465449 2.55801304138225e-28 -4.29125464465449 2.870642677902
11500 -4.28994745386513 2.34073226711012e-28 -4.28994745386513 2.85450617547273
11600 -4.29062396036357 2.90466825774648e-28 -4.29062396036357 2.87750597539171
11700 -4.29125591519326 1.30538128274587e-28 -4.29125591519326 2.8635616073305
11800 -4.29134829678742 3.89004260659247e-28 -4.29134829678742 2.86672141807517
11900 -4.29105867459134 3.84743398828194e-28 -4.29105867459134 2.87352052034957
12000 -4.28881663268954 3.58585398126795e-28 -4.28881663268954 2.85063912713404
12100 -4.29049936261399 3.65690178410329e-28 -4.29049936261399 2.8784166951165
12200 -4.29133596239155 2.71094523161224e-28 -4.29133596239155 2.86569395193692
12300 -4.29128487844995 2.5538444228287e-28 -4.29128487844995 2.86413370201025
12400 -4.29100758738886 3.23602975637666e-28 -4.29100758738886 2.8740934717554
12500 -4.29095608137138 3.04737240682897e-28 -4.29095608137138 2.86011607293489
12600 -4.29100730571597 2.89217220972838e-28 -4.29100730571597 2.87409651348454
12700 -4.29119716545017 4.4357526961386e-28 -4.29119716545017 2.8716590869841
12800 -4.29120462783685 2.85904907193181e-28 -4.29120462783685 2.86274452405755
12900 -4.29121449219766 4.55574418481659e-28 -4.29121449219766 2.87137578839879
13000 -4.29132639184037 2.15840432460556e-28 -4.29132639184037 2.86528372859075
13100 -4.29129299822352 4.2952446011416e-28 -4.29129299822352 2.86431756610433
13200 -4.28938895464749 3.32919006383653e-28 -4.28938895464749 2.8847576984802
13300 -4.29112041618592 3.01993967379672e-28 -4.29112041618592 2.86168789980888
13400 -4.29130529131225 3.8146951075757e-28 -4.29130529131225 2.86945052617983
13500 -4.2913390380849 4.61697345502575e-28 -4.2913390380849 2.86814679313704
13600 -4.29105476438503 3.4285636860626e-28 -4.29105476438503 2.86100379797076
13700 -4.29018767283413 3.41455976047407e-28 -4.29018767283413 2.8804574120727
13800 -4.29107249149887 3.63761460951765e-28 -4.29107249149887 2.86117963551882
13900 -4.29134884323151 2.73761826034265e-28 -4.29134884323151 2.86696537007994
14000 -4.29130090912537 3.70315123513471e-28 -4.29130090912537 2.86957381253263
14100 -4.29124769116854 2.18998243374133e-28 -4.29124769116854 2.86341690465987
14200 -4.29125169279613 2.59946562335053e-28 -4.29125169279613 2.87070112796957
14300 -4.29128674049797 2.31887854667387e-28 -4.29128674049797 2.86993944089882
14400 -4.29087782825289 3.91219565304415e-28 -4.29087782825289 2.85949575825962
14500 -4.2907404014103 1.81963450639833e-28 -4.2907404014103 2.8765866888789
14600 -4.29114122548122 3.46510227144529e-28 -4.29114122548122 2.86192639312387
14700 -4.29134059712772 2.23546277024513e-28 -4.29134059712772 2.8680502828838
14800 -4.29108781316357 1.27417460982975e-28 -4.29108781316357 2.87317210621714
14900 -4.29075297747673 7.44908409236681e-29 -4.29075297747673 2.8586135929853
15000 -4.29073655281712 4.2443477738953e-28 -4.29073655281712 2.87661831765553
15100 -4.29134326348968 2.81573347341378e-28 -4.29134326348968 2.86613461209248
15200 -4.29128672278026 3.50531434176622e-28 -4.29128672278026 2.86417434740648
15300 -4.29124308844362 2.31461691394267e-28 -4.29124308844362 2.87086683604788
15400 -4.29130360184061 3.27614399390399e-28 -4.29130360184061 2.86458003761878
15500 -4.29134418533031 3.09244270853945e-28 -4.29134418533031 2.86778598132685
15600 -4.29107240297839 2.18649973574586e-28 -4.29107240297839 2.87335854692928
15700 -4.29019078652821 3.3636878937514e-28 -4.29019078652821 2.85555930762838
15800 -4.29084697846137 2.48330091197631e-28 -4.29084697846137 2.87567019762551
15900 -4.2913416716936 2.74139038185365e-28 -4.2913416716936 2.86602090269657
16000 -4.29132553552288 3.13220912478429e-28 -4.29132553552288 2.86525188224695
16100 -4.29119939721841 3.19974365280059e-28 -4.29119939721841 2.87162349743142
16200 -4.29015875520286 3.62281345612847e-28 -4.29015875520286 2.85541390844626
16300 -4.29112323807514 4.6107969555444e-28 -4.29112323807514 2.87272253231468
16400 -4.29129892185212 2.54606971720574e-28 -4.29129892185212 2.86962793974556
16500 -4.29121741575897 1.08811561117641e-28 -4.29121741575897 2.86293157287957
16600 -4.29120009700203 4.08192211892864e-28 -4.29120009700203 2.87161228592099
16700 -4.2913219624913 3.42057516695548e-28 -4.2913219624913 2.86512507540282
16800 -4.29130654179551 3.58928262231608e-28 -4.29130654179551 2.86465833692901
16900 -4.2909227136848 4.10345817464652e-28 -4.2909227136848 2.87496201545771
17000 -4.29103540703761 2.47312020295811e-28 -4.29103540703761 2.86081820649762
17100 -4.29123993810486 1.86176435850359e-28 -4.29123993810486 2.8709258880235
17200 -4.29128758355892 2.16686872574527e-28 -4.29128758355892 2.86991887628157
17300 -4.29046639055527 4.6155105087576e-28 -4.29046639055527 2.8569172987002
17400 -4.28915849330169 2.16711495311546e-28 -4.28915849330169 2.88583478750931
17500 -4.29105015827765 1.48384911946318e-28 -4.29105015827765 2.86095905187038
17600 -4.29132159609994 6.17843892560234e-28 -4.29132159609994 2.86892854084272
17700 -4.29124276714939 4.35059100430404e-28 -4.29124276714939 2.87087289668909
17800 -4.2907385819692 4.30651065776997e-28 -4.2907385819692 2.85851871201925
17900 -4.28964517501458 4.60893563744279e-28 -4.28964517501458 2.88348612736381
18000 -4.29128422825318 1.83005240230363e-28 -4.29128422825318 2.86411951867233
18100 -4.29133351349801 5.08994454156903e-28 -4.29133351349801 2.86557721897115
18200 -4.29115204469494 4.0223578964592e-28 -4.29115204469494 2.87233147406518
18300 -4.29098795629823 2.67443140879105e-28 -4.29098795629823 2.86038800683894
18400 -4.29093066162693 4.40136320076136e-28 -4.29093066162693 2.8748843765954
18500 -4.29122264710918 2.77846893898159e-28 -4.29122264710918 2.87123641963523
18600 -4.29125470490297 3.53366758870107e-28 -4.29125470490297 2.86353990200575
18700 -4.29124384076499 4.27032750947202e-28 -4.29124384076499 2.87085261038862
18800 -4.29131177680442 3.88098657240664e-28 -4.29131177680442 2.86480506742258
18900 -4.29132975410146 2.79912213073433e-28 -4.29132975410146 2.86541522809932
19000 -4.29048910959044 1.76893512887331e-28 -4.29048910959044 2.87848880317571
19100 -4.29074337431093 1.93397458773453e-28 -4.29074337431093 2.85855015966525
19200 -4.29112324608117 2.44551949617818e-28 -4.29112324608117 2.87272242705197
19300 -4.29133682665687 4.85664501786643e-28 -4.29133682665687 2.86827157179158
19400 -4.29111618194152 2.77670990004161e-28 -4.29111618194152 2.86164081522574
19500 -4.29054964937411 2.97070702482547e-28 -4.29054964937411 2.8780570850312
19600 -4.29049377168242 3.51215874020687e-28 -4.29049377168242 2.85706459108591
19700 -4.29129116104856 5.29975019600536e-28 -4.29129116104856 2.86983007772546
19800 -4.29128224461158 4.98272581022466e-28 -4.29128224461158 2.8700469424635
19900 -4.29119202059883 5.01117590841519e-28 -4.29119202059883 2.86256853362514
20000 -4.29110660413429 2.77923352148814e-28 -4.29110660413429 2.87293752503516
20100 -4.29134804216083 2.33708871543443e-28 -4.29134804216083 2.86666499455965
20200 -4.29128766009811 3.53993136553628e-28 -4.29128766009811 2.86419524475866
20300 -4.29098870458877 3.52899134096778e-28 -4.29098870458877 2.87429482284941
20400 -4.29110408788766 2.68077456031143e-28 -4.29110408788766 2.86150880619484
20500 -4.29129217624847 2.30030521819658e-28 -4.29129217624847 2.86980440558779
20600 -4.29117579421022 2.69173629141103e-28 -4.29117579421022 2.87198799092045
20700 -4.29014413356564 4.31814684440341e-28 -4.29014413356564 2.85534827495733
20800 -4.29084874153411 3.41078326753197e-28 -4.29084874153411 2.87565430699451
20900 -4.29129332133763 3.05677581881091e-28 -4.29129332133763 2.86432516129012
21000 -4.29134408406346 2.95550326541203e-28 -4.29134408406346 2.86619971625161
21100 -4.29105191601082 2.27419617965741e-28 -4.29105191601082 2.8735989230008
21200 -4.29013865707804 3.66493557858392e-28 -4.29013865707804 2.85532380862907
21300 -4.28890201759164 3.21772844577474e-28 -4.28890201759164 2.88697033105833
21400 -4.29133123083425 2.34899349153025e-28 -4.29133123083425 2.86547672362019
21500 -4.29130471504148 4.15937932648959e-28 -4.29130471504148 2.864609366556
21600 -4.29105617467736 2.33317028888445e-28 -4.29105617467736 2.87354962052895
21700 -4.29089768470726 1.52166904814662e-28 -4.29089768470726 2.85964746590438
21800 -4.29101655689765 2.82648437506944e-28 -4.29101655689765 2.87399598211759
21900 -4.29124483480865 2.65769485220339e-28 -4.29124483480865 2.87083373921266
22000 -4.29125000694342 4.93792618321678e-28 -4.29125000694342 2.86345700586098
22100 -4.2912510171127 2.98914131820459e-28 -4.2912510171127 2.87071438765163
22200 -4.29133224636082 3.66096102749237e-28 -4.29133224636082 2.86552055680998
22300 -4.29127170456137 3.7549707501473e-28 -4.29127170456137 2.86385959984187
22400 -4.29033908040064 3.89708940016865e-28 -4.29033908040064 2.87950220710122
22500 -4.2906611294006 3.05595416138312e-28 -4.2906611294006 2.85802830725288
22600 -4.29119544941959 3.59770501759334e-28 -4.29119544941959 2.87168628237541
22700 -4.29132918186337 3.45203747624347e-28 -4.29132918186337 2.86863324158075
22800 -4.29125532344364 3.60690680031208e-28 -4.29125532344364 2.86355097650223
22900 -4.29129757423781 3.46959266709175e-28 -4.29129757423781 2.86966406124712
23000 -4.29134199339578 2.98799893366261e-28 -4.29134199339578 2.86604276198697
23100 -4.29134724214195 3.30506542914836e-28 -4.29134724214195 2.86653086025532
23200 -4.29117509664113 2.94267497019576e-28 -4.29117509664113 2.87199838937567
23300 -4.2907556104537 3.30844260054967e-28 -4.2907556104537 2.85863108352986
23400 -4.29103013744321 2.5927733063958e-28 -4.29103013744321 2.87384597004759
23500 -4.29131551716368 2.02387807042106e-28 -4.29131551716368 2.86913723745601
23600 -4.29127980360747 1.73001714179735e-28 -4.29127980360747 2.86402491266647
23700 -4.29131153119366 3.31850477689664e-28 -4.29131153119366 2.8692642034238
23800 -4.29133441165292 2.73686226113104e-28 -4.29133441165292 2.86561884375541
23900 -4.2913475907864 2.93742156525724e-28 -4.2913475907864 2.86658381355934
24000 -4.29122460869873 4.250247312194e-28 -4.29122460869873 2.87120225933088
24100 -4.29107669296609 2.59453744461365e-28 -4.29107669296609 2.86122219497661
24200 -4.29111291699531 2.94190293715069e-28 -4.29111291699531 2.87285678559103
24300 -4.29123138538028 2.39175608265776e-28 -4.29123138538028 2.87108221724924
24400 -4.29111561220107 4.18675988541274e-28 -4.29111561220107 2.86163451491212
24500 -4.29125692302652 3.38673781943385e-28 -4.29125692302652 2.87059696423559
24600 -4.29132252645968 3.3960087606007e-28 -4.29132252645968 2.86514448875331
24700 -4.29134713027184 3.93897315627768e-28 -4.29134713027184 2.86651512503126
24800 -4.29065419155791 2.25528822822088e-28 -4.29065419155791 2.87727433350465
24900 -4.29038934429484 4.49702824623708e-28 -4.29038934429484 2.85651610644093
25000 -4.29105898279019 2.71158816929054e-28 -4.29105898279019 2.87351692454031
25100 -4.29134607737667 1.81762517516007e-28 -4.29134607737667 2.86760324572555
25200 -4.29127746291108 5.36732566547918e-28 -4.29127746291108 2.86397614153213
25300 -4.29132321641519 2.60977528422747e-28 -4.29132321641519 2.86886920222558
25400 -4.29134263412334 3.6832337272736e-28 -4.29134263412334 2.86608790683871
25500 -4.29134875938043 3.58805365142269e-28 -4.29134875938043 2.8671014472669
25600 -4.29126803983597 3.71081415718694e-28 -4.29126803983597 2.87036572921848
25700 -4.29098701077906 2.30414781164056e-28 -4.29098701077906 2.86037975652658
25800 -4.29097375116454 2.95731581076512e-28 -4.29097375116454 2.87445075489312
25900 -4.2913443320551 2.66136321821476e-28 -4.2913443320551 2.86777331657911
26000 -4.29119808493898 3.6507755398402e-28 -4.29119808493898 2.86265221397677
26100 -4.29123396894467 3.64827038875142e-28 -4.29123396894467 2.87103558435976
26200 -4.29131187246461 2.26663354808758e-28 -4.29131187246461 2.86480784505715
26300 -4.29134685774059 2.67466969808883e-28 -4.29134685774059 2.86750974012014
26400 -4.29089123967478 2.39215543386183e-28 -4.29089123967478 2.87526297271307
26500 -4.29028305683568 3.48598321618856e-28 -4.29028305683568 2.85599135177284
26600 -4.29098671682143 3.16189015369903e-28 -4.29098671682143 2.87431572508546
26700 -4.29134562625648 3.16586113897731e-28 -4.29134562625648 2.86633977046383
26800 -4.2913113107542 2.91720209945118e-28 -4.2913113107542 2.86479158755137
26900 -4.29126071410812 3.07295038989316e-28 -4.29126071410812 2.87051968561697
27000 -4.29128752348657 4.09271287888735e-28 -4.29128752348657 2.8641921887117
27100 -4.29134065675755 3.02827599657729e-28 -4.29134065675755 2.86804642085507
27200 -4.29079127619113 3.28039059439517e-28 -4.29079127619113 2.87615945453013
27300 -4.29053333972769 3.14341603234381e-28 -4.29053333972769 2.85728218599041
27400 -4.29119198273063 3.59475587157172e-28 -4.29119198273063 2.87174078224026
27500 -4.29134765701483 2.22464303374999e-28 -4.29134765701483 2.86659467721283
27600 -4.29132660096287 2.30589580860195e-28 -4.29132660096287 2.86529159999053
27700 -4.29121870311413 3.77233057558881e-28 -4.29121870311413 2.87130434382186
27800 -4.29113649330522 3.86455227847101e-28 -4.29113649330522 2.86187107341963
27900 -4.29127699453833 2.92358612421605e-28 -4.29127699453833 2.8701682122364
28000 -4.29104339492381 4.20162052462055e-28 -4.29104339492381 2.87369657414177
28100 -4.29098694472592 3.64639260702609e-28 -4.29098694472592 2.86037918060524
28200 -4.29130915892842 4.2695809315232e-28 -4.29130915892842 2.86933668153473
28300 -4.29134806964081 3.22880138246734e-28 -4.29134806964081 2.8666706038586
28400 -4.29134531843197 2.37655769188177e-28 -4.29134531843197 2.86630947751353
28500 -4.29127991208167 3.81172450094191e-28 -4.29127991208167 2.8701013604762
28600 -4.29114441241873 3.87837220448442e-28 -4.29114441241873 2.86196402941467
28700 -4.29126491740276 2.6868065793645e-28 -4.29126491740276 2.87043212954819
28800 -4.29112482659465 1.83229828981498e-28 -4.29112482659465 2.87270161159008
28900 -4.29088133133146 3.56583467696323e-28 -4.29088133133146 2.859522264444
29000 -4.29126511322389 3.92072841710601e-28 -4.29126511322389 2.87042800021839
29100 -4.29134377285603 3.4828317290217e-28 -4.29134377285603 2.86617440320061
29200 -4.29134035842523 2.00501319600754e-28 -4.29134035842523 2.86593645163535
29300 -4.29096905139766 3.1099473640123e-28 -4.29096905139766 2.87449915407095
29400 -4.29064540289094 3.62731264403974e-28 -4.29064540289094 2.85793253646155
29500 -4.29116666458074 3.45772006287104e-28 -4.29116666458074 2.87212254201362
29600 -4.29130046385568 2.81979065127278e-28 -4.29130046385568 2.8695860320777
29700 -4.29126092709622 1.83228123499766e-28 -4.29126092709622 2.86365310734058
29800 -4.2913275129523 2.44153993932306e-28 -4.2913275129523 2.86870239523448
29900 -4.29134711298457 3.39252036955612e-28 -4.29134711298457 2.86651274002638
30000 -4.2913484064661 2.81646629200672e-28 -4.2913484064661 2.86674976448668
30100 -4.29131701316712 4.07751014628067e-28 -4.29131701316712 2.86908771057355
30200 -4.29113435333154 3.35833762885171e-28 -4.29113435333154 2.8618462733708
30300 -4.29109050271552 2.69105626695733e-28 -4.29109050271552 2.87313903526164
30400 -4.29125057226069 4.18402633480268e-28 -4.29125057226069 2.87072309364754
30500 -4.29110178409338 3.11106738644281e-28 -4.29110178409338 2.86148405968849
30600 -4.29122708789117 2.50700912157663e-28 -4.29122708789117 2.87115871449293
30700 -4.29132157776907 2.48816501555911e-28 -4.29132157776907 2.86511195200099
30800 -4.29134700051635 2.58074788358616e-28 -4.29134700051635 2.8664975072721
30900 -4.29119950898355 2.46176253862176e-28 -4.29119950898355 2.87162170848322
31000 -4.29105966166323 3.07455452938624e-28 -4.29105966166323 2.86105178954096
31100 -4.29112297902845 3.49854925667358e-28 -4.29112297902845 2.87272593728193
31200 -4.29121966646575 3.03772914436559e-28 -4.29121966646575 2.87128784459684
31300 -4.29105819338988 4.28578605744358e-28 -4.29105819338988 2.86103735526616
31400 -4.29123523653659 2.94919282831847e-28 -4.29123523653659 2.87101252149179
31500 -4.29131982134421 1.89408969747421e-28 -4.29131982134421 2.86505321313731
31600 -4.29134717498673 4.38774612146825e-28 -4.29134717498673 2.86652135067973
31700 -4.29058760990675 2.8481861255661e-28 -4.29058760990675 2.87777866388278
31800 -4.29028612251423 2.04574045006632e-28 -4.29028612251423 2.85600606287638
31900 -4.29104566418008 4.9160202149717e-28 -4.29104566418008 2.87367069627185
32000 -4.29134704678631 2.86560199721524e-28 -4.29134704678631 2.86748445942632
32100 -4.29125297236136 3.64353337140626e-28 -4.29125297236136 2.86350908377274
32200 -4.29124229969816 2.06730138634904e-28 -4.29124229969816 2.87088169869852
32300 -4.29132300161884 2.20279367843611e-28 -4.29132300161884 2.86516101152906
32400 -4.29134833572105 4.54756414768002e-28 -4.29134833572105 2.86673112578635
32500 -4.29098663873464 2.29210672412371e-28 -4.29098663873464 2.87431654509306
32600 -4.29028488215888 3.39958413470669e-28 -4.29028488215888 2.85600010796699
32700 -4.2909439777827 3.75512151224751e-28 -4.2909439777827 2.87475272287035
32800 -4.29134671846346 2.65452143370929e-28 -4.29134671846346 2.86752761109413
32900 -4.29132314606118 4.33100909891121e-28 -4.29132314606118 2.86516606510546
33000 -4.29133767383015 2.63399441494342e-28 -4.29133767383015 2.86822522022871
33100 -4.29134060491318 3.3946312533551e-28 -4.29134060491318 2.86595176758363
33200 -4.29134792569818 4.00797969619459e-28 -4.29134792569818 2.86734412600922
33300 -4.29125902873711 3.93079704148477e-28 -4.29125902873711 2.87055423237619
33400 -4.29097948054245 3.32241038852883e-28 -4.29097948054245 2.86031446393492
33500 -4.29096157701527 4.40428308788681e-28 -4.29096157701527 2.87457554786207
33600 -4.29134749634579 2.38528799732787e-28 -4.29134749634579 2.86741843407554
33700 -4.29121070840788 3.97306423410738e-28 -4.29121070840788 2.86283232080606
33800 -4.29121083464346 2.66403506039128e-28 -4.29121083464346 2.871436980923
33900 -4.29130618638487 3.63567316441153e-28 -4.29130618638487 2.86464872489852
34000 -4.29134691609334 3.16660494632659e-28 -4.29134691609334 2.86750206891508
34100 -4.29104028446694 3.39921226249049e-28 -4.29104028446694 2.87373189705773
34200 -4.29021438968962 3.09728694191667e-28 -4.29021438968962 2.85566791418701
34300 -4.29087449219197 3.24064676496638e-28 -4.29087449219197 2.87541914491678
34400 -4.29134424135111 3.75799797107755e-28 -4.29134424135111 2.86621282827945
34500 -4.2913138533231 2.68808007305986e-28 -4.2913138533231 2.86486621819531
34600 -4.29133076727048 4.1346478611153e-28 -4.29133076727048 2.86856485108312
34700 -4.29134355440865 2.5486775389958e-28 -4.29134355440865 2.86615710164766
34800 -4.29134791713636 4.36403633461269e-28 -4.29134791713636 2.86734575903731
34900 -4.291336078597 3.33942643912635e-28 -4.291336078597 2.86831118718506
35000 -4.29120948583101 2.98288243217547e-28 -4.29120948583101 2.86281450636331
35100 -4.29110930462016 3.52662329089288e-28 -4.29110930462016 2.87290311082921
35200 -4.29133825333884 1.97267357724704e-28 -4.29133825333884 2.86581391611004
35300 -4.29125495111875 2.58643930108085e-28 -4.29125495111875 2.86354430572821
35400 -4.29110250251167 2.8220592092008e-28 -4.29110250251167 2.87298944743601
35500 -4.29128827125135 1.79204143052615e-28 -4.29128827125135 2.86420896012212
35600 -4.29133620780461 2.8224311899258e-28 -4.29133620780461 2.86830442746244
35700 -4.29128635833468 1.59535836445228e-28 -4.29128635833468 2.86994871929433
35800 -4.29061053392199 2.1910377499187e-28 -4.29061053392199 2.85772435542797
35900 -4.29060362320729 2.36512363358966e-28 -4.29060362320729 2.87765929665706
36000 -4.29128629948097 2.16836319869897e-28 -4.29128629948097 2.86416496379459
36100 -4.29133107470481 2.56274128994598e-28 -4.29133107470481 2.86547010032451
36200 -4.29125963344852 2.48965751989749e-28 -4.29125963344852 2.87054187280016
36300 -4.29133113773369 1.91521724990323e-28 -4.29133113773369 2.86547277052831
36400 -4.29134601956909 3.87154602683636e-28 -4.29134601956909 2.86760961653829
36500 -4.2913464482074 4.52242682597048e-28 -4.2913464482074 2.86756070715959
36600 -4.29116606652406 3.24045235585229e-28 -4.29116606652406 2.86222849432868
36700 -4.29094489328241 3.43508561462488e-28 -4.29094489328241 2.87474359706237
36800 -4.29124935124905 3.20065521081159e-28 -4.29124935124905 2.86344560189141
36900 -4.29134397982754 2.11326324488122e-28 -4.29134397982754 2.86619114713852
37000 -4.29106592410081 1.95193517591784e-28 -4.29106592410081 2.87343545248159
37100 -4.29125083009916 2.91741331780134e-28 -4.29125083009916 2.86347137872479
37200 -4.29132980369999 2.89752453598518e-28 -4.29132980369999 2.8686067489494
37300 -4.29134023429369 3.37340463142139e-28 -4.29134023429369 2.86807349258889
37400 -4.29067868390429 2.16553191500066e-28 -4.29067868390429 2.85813665813095
37500 -4.29032011136546 2.40072948360345e-28 -4.29032011136546 2.87962528539078
37600 -4.29122280729126 2.78489120936699e-28 -4.29122280729126 2.86301331133518
37700 -4.29134846534696 2.4120655585113e-28 -4.29134846534696 2.86676645479662
37800 -4.29126716580579 3.27007814639111e-28 -4.29126716580579 2.87038443715934
37900 -4.29107577806077 3.06234354855511e-28 -4.29107577806077 2.86121289731699
38000 -4.29073624211587 2.91646615531399e-28 -4.29073624211587 2.87662086703505
38100 -4.29132108548364 2.63147408831387e-28 -4.29132108548364 2.86894688457678
38200 -4.29122641441404 3.13434714255506e-28 -4.29122641441404 2.86306903207005
38300 -4.2911822927571 2.52049917243078e-28 -4.2911822927571 2.87189014007403
38400 -4.29127695184487 1.78209109012773e-28 -4.29127695184487 2.86396560430122
38500 -4.29134843810928 3.25724506850411e-28 -4.29134843810928 2.86675858495746
38600 -4.2909885089503 2.05888667378797e-28 -4.2909885089503 2.87429688248983
38700 -4.29082009699664 3.33870773359578e-28 -4.29082009699664 2.85907362208482
38800 -4.29110438548182 3.07976867801906e-28 -4.29110438548182 2.87296566244637
38900 -4.29133602473562 3.27199852073023e-28 -4.29133602473562 2.86831399515285
39000 -4.29116555852941 2.19668847688399e-28 -4.29116555852941 2.86222210427495
39100 -4.29102716242851 3.10293802304928e-28 -4.29102716242851 2.87387908757471
39200 -4.29121277794075 3.62207276936673e-28 -4.29121277794075 2.86286266752513
39300 -4.29134219250693 3.75798970992849e-28 -4.29134219250693 2.86794169788332
39400 -4.29065984939422 3.14274122735741e-28 -4.29065984939422 2.8772304658822
39500 -4.29108500499894 3.18910556102526e-28 -4.29108500499894 2.86130744796411
39600 -4.29128221763384 2.9254963601633e-28 -4.29128221763384 2.87004757696914
39700 -4.29134857730772 1.89222650636934e-28 -4.29134857730772 2.86718278351702
39800 -4.29119610738511 3.52706932782071e-28 -4.29119610738511 2.86262473325966
39900 -4.2900816371593 2.94748633728495e-28 -4.2900816371593 2.8810931029165
40000 -4.29068258534808 3.56802951128356e-28 -4.29068258534808 2.85816095210502
40100 -4.29126497823365 2.54888668719468e-28 -4.29126497823365 2.87043084728232
40200 -4.29124797613615 3.33415335821479e-28 -4.29124797613615 2.87077353073677
40300 -4.29118006750786 3.60559416812075e-28 -4.29118006750786 2.86240848312128
40400 -4.29124815375032 2.58733909144146e-28 -4.29124815375032 2.87077009995249
40500 -4.29134850863787 1.77997558716706e-28 -4.29134850863787 2.86677956459616
40600 -4.29107498146616 3.54212055846905e-28 -4.29107498146616 2.86120481563419
40700 -4.29034537365406 2.38829011726123e-28 -4.29034537365406 2.87946114187291
40800 -4.29111596336365 2.18131927834192e-28 -4.29111596336365 2.86163839716775
40900 -4.29132493253831 3.08776462673215e-28 -4.29132493253831 2.8688043380238
41000 -4.29127069250511 3.00095200078245e-28 -4.29127069250511 2.87030835361183
41100 -4.29099023890045 9.99313738222678e-29 -4.29099023890045 2.86040797264415
41200 -4.29077040104273 2.68036952484757e-28 -4.29077040104273 2.87633687279145
41300 -4.29128849022218 1.09059268880725e-28 -4.29128849022218 2.86421389171467
41400 -4.2913450500379 5.09724890662857e-28 -4.2913450500379 2.86628413764186
41500 -4.29118606446752 3.38716354512318e-28 -4.29118606446752 2.87183251077363
41600 -4.29120486701966 4.49326579553498e-28 -4.29120486701966 2.86274794015475
41700 -4.29128254460149 3.43450082284964e-28 -4.29128254460149 2.87003987857241
41800 -4.29117113744888 2.64019882351845e-28 -4.29117113744888 2.87205703406081
41900 -4.290600341612 1.81610549736546e-28 -4.290600341612 2.85766454174316
42000 -4.2907758659041 2.89642134999314e-28 -4.2907758659041 2.87629071983604
42100 -4.29117945670248 3.12080104992259e-28 -4.29117945670248 2.86240046880818
42200 -4.2913464958611 3.69097478209791e-28 -4.2913464958611 2.8675550109154
42300 -4.29104696256358 3.59723713949381e-28 -4.29104696256358 2.87365584857818
42400 -4.29007507961613 2.13354072556592e-28 -4.29007507961613 2.85504426255091
42500 -4.29026387849219 2.53626668505501e-28 -4.29026387849219 2.8799842082978
42600 -4.29134142590845 3.44333959948463e-28 -4.29134142590845 2.86600453494988
42700 -4.29130820131777 2.70676216543277e-28 -4.29130820131777 2.86470378102421
42800 -4.29114123622398 5.54568877792709e-28 -4.29114123622398 2.87248121117488
42900 -4.29086325994586 3.93237887389173e-28 -4.29086325994586 2.85938666953328
43000 -4.29079618322703 3.24777734799186e-28 -4.29079618322703 2.87611730137596
43100 -4.29122484316703 1.93046036816739e-28 -4.29122484316703 2.87119815897551
43200 -4.29105679782186 1.7587691145377e-28 -4.29105679782186 2.86102367216378
43300 -4.29109805396333 2.36261784966177e-28 -4.29109805396333 2.87304529851348
43400 -4.29131619930655 3.80356103841319e-28 -4.29131619930655 2.86493760073477
43500 -4.29133094524037 4.53467245630566e-28 -4.29133094524037 2.86546463073403
43600 -4.29065991967622 2.77940844097669e-28 -4.29065991967622 2.87722991990812
43700 -4.28996867672554 3.80015644640558e-28 -4.28996867672554 2.85459365568268
43800 -4.29116652622145 6.52732090733718e-28 -4.29116652622145 2.87212455605699
43900 -4.29134011257366 2.08524535903614e-28 -4.29134011257366 2.86808117074217
44000 -4.29124067972618 3.30868393540612e-28 -4.29124067972618 2.86329834817094
44100 -4.29110071744752 5.44661037767411e-28 -4.29110071744752 2.87301191593603
44200 -4.29126305352387 1.72345465556357e-28 -4.29126305352387 2.86369275287944
44300 -4.29134504333131 4.54992660663747e-28 -4.29134504333131 2.86628351624049
44400 -4.29063924338461 5.19940590911573e-28 -4.29063924338461 2.87738944289791
44500 -4.29105698494655 5.30302034544105e-28 -4.29105698494655 2.86102550481059
44600 -4.29129517449588 3.64955192731582e-28 -4.29129517449588 2.86972728102582
44700 -4.29134488351276 2.06179638143363e-28 -4.29134488351276 2.86772379609799
44800 -4.29118908079632 4.74093002503714e-28 -4.29118908079632 2.86252858575901
44900 -4.29022087143422 4.08905130739416e-28 -4.29022087143422 2.8802530470129
45000 -4.29098696191823 3.09621941503786e-28 -4.29098696191823 2.8603793304999
45100 -4.29134100492604 3.20241174460271e-28 -4.29134100492604 2.86802358972077
45200 -4.29116740936923 2.98184151773634e-28 -4.29116740936923 2.87211168784379
45300 -4.29099369594267 3.81248325419411e-28 -4.29099369594267 2.86043834307877
45400 -4.29111809150646 3.47129321424191e-28 -4.29111809150646 2.87278983480546
45500 -4.29134163988377 3.56882247711961e-28 -4.29134163988377 2.86798062955873
45600 -4.29110655805735 2.15652493005352e-28 -4.29110655805735 2.86153547916494
45700 -4.29029853830572 3.18056868305283e-28 -4.29029853830572 2.87976401113443
45800 -4.29067970661917 2.78937228351306e-28 -4.29067970661917 2.85814301888722
45900 -4.29131260357503 4.00809867982612e-28 -4.29131260357503 2.86923071421338
46000 -4.29130129769265 2.83136532822197e-28 -4.29130129769265 2.86956310469739
46100 -4.29123461800434 4.41794181911284e-28 -4.29123461800434 2.86319906979619
46200 -4.29105714534382 2.87964343173258e-28 -4.29105714534382 2.87353833558276
46300 -4.29134560539711 2.97313870228028e-28 -4.29134560539711 2.86633767273281
46400 -4.29127290894613 4.3273750765423e-28 -4.29127290894613 2.86388358920243
46500 -4.29110439973643 2.54403790164137e-28 -4.29110439973643 2.87296548205564
46600 -4.29118594391515 2.71153763508199e-28 -4.29118594391515 2.86248638780179
46700 -4.29131325156318 3.1292815401808e-28 -4.29131325156318 2.86921024702058
46800 -4.29058771879161 2.9663630326678e-28 -4.29058771879161 2.87777785616585
46900 -4.29064781005208 2.76586584035085e-28 -4.29064781005208 2.85794711783229
47000 -4.29086107090095 4.90385135145411e-28 -4.29086107090095 2.87554243930915
47100 -4.29122950322508 3.31165611349635e-28 -4.29122950322508 2.86311743838923
47200 -4.29134800025083 3.15168154988641e-28 -4.29134800025083 2.86732957537088
47300 -4.29116695511633 3.51019512706344e-28 -4.29116695511633 2.87211831041946
47400 -4.28994913385171 3.4838362373803e-28 -4.28994913385171 2.85451307264183
47500 -4.29045355416419 4.61229010264089e-28 -4.29045355416419 2.87873585196633
47600 -4.29134552982289 3.23240213180047e-28 -4.29134552982289 2.86633012904143
47700 -4.29127534599583 3.10981768630218e-28 -4.29127534599583 2.86393274658957
47800 -4.29101113817969 2.78920598766551e-28 -4.29101113817969 2.87405502503136
47900 -4.29099858586559 1.56912739040919e-28 -4.29099858586559 2.8604815768615
48000 -4.29102777215791 2.30642390854399e-28 -4.29102777215791 2.87387231200405
48100 -4.29114952774438 3.37430245021014e-28 -4.29114952774438 2.87236668657663
48200 -4.29118248357069 3.62004814762916e-28 -4.29118248357069 2.86244033608005
48300 -4.29118039936355 3.79142839920185e-28 -4.29118039936355 2.8719188348994
48400 -4.29131465129182 3.06126675519801e-28 -4.29131465129182 2.86489021360321
48500 -4.29131415935185 2.49369405011509e-28 -4.29131415935185 2.86487538698566
48600 -4.29037031169992 2.45012781131955e-28 -4.29037031169992 2.87929724758998
48700 -4.29108269936624 2.18378754934318e-28 -4.29108269936624 2.86128365692874
48800 -4.29126298326662 1.49954201631908e-28 -4.29126298326662 2.8704726714782
48900 -4.29132103280625 2.24570146775831e-28 -4.29132103280625 2.8689487676782
49000 -4.29087721018464 3.61744987353751e-28 -4.29087721018464 2.8594910928439
49100 -4.28994395575704 3.77713753086971e-28 -4.28994395575704 2.88188380310132
49200 -4.29118712772103 3.983379431651e-28 -4.29118712772103 2.86250226148275
49300 -4.29134883148028 3.45287371033701e-28 -4.29134883148028 2.86704008279469
49400 -4.29128515546899 2.46525699511644e-28 -4.29128515546899 2.86997774897491
49500 -4.29107273714432 3.56407483473284e-28 -4.29107273714432 2.86118211419152
49600 -4.29076437853861 3.20394402030969e-28 -4.29076437853861 2.87638750016216
49700 -4.291337284484 5.11100148772303e-28 -4.291337284484 2.86824672888965
49800 -4.29117937107313 2.6790580501247e-28 -4.29117937107313 2.86239934650181
49900 -4.29104401538961 3.35341033470457e-28 -4.29104401538961 2.87368950763636
50000 -4.29125587521678 3.86935693809389e-28 -4.29125587521678 2.86356088803448
50100 -4.29134870572431 2.43403491987883e-28 -4.29134870572431 2.86713046431716
50200 -4.29133593031568 1.56114974174289e-28 -4.29133593031568 2.86831890368035
50300 -4.29132676229652 3.92370837421912e-28 -4.29132676229652 2.86529769856151
50400 -4.29129516024928 1.90505434747212e-28 -4.29129516024928 2.86972765227648
50500 -4.29134771327321 2.74588407267235e-28 -4.29134771327321 2.86738264588113
50600 -4.29111616873916 3.12992940414849e-28 -4.29111616873916 2.86164066913718
50700 -4.29058300241339 2.3846779250295e-28 -4.29058300241339 2.87781279389018
50800 -4.29112783636179 3.26484734485219e-28 -4.29112783636179 2.86177155338736
50900 -4.29134637426303 4.28093979494977e-28 -4.29134637426303 2.86756943621454
51000 -4.29133097808504 3.52720130828739e-28 -4.29133097808504 2.8685555406066
51100 -4.29127131838418 2.06797879481852e-28 -4.29127131838418 2.86385194930227
51200 -4.29081060805198 3.69401686554649e-28 -4.29081060805198 2.87599236295804
51300 -4.29134385227161 3.59946932357853e-28 -4.29134385227161 2.86618078629569
51400 -4.29127115952969 3.03009013165584e-28 -4.29127115952969 2.86384880802361
51500 -4.29116764683801 3.24804718882193e-28 -4.29116764683801 2.8721082226225
51600 -4.2912815212052 3.28608979369289e-28 -4.2912815212052 2.86406125153705
51700 -4.29134626464989 3.52178691457412e-28 -4.29134626464989 2.86758214150152
51800 -4.29133494182736 2.80535003653374e-28 -4.29133494182736 2.86836927441624
51900 -4.29128877787918 3.37601166168162e-28 -4.29128877787918 2.86422038439794
52000 -4.29113152823668 4.25576854386185e-28 -4.29113152823668 2.87261256277162
52100 -4.2913468209665 4.10902040630967e-28 -4.2913468209665 2.86647412658937
52200 -4.291224654505 3.8164115863948e-28 -4.291224654505 2.86304173936407
52300 -4.29100568288298 2.99261339217107e-28 -4.29100568288298 2.87411401504935
52400 -4.2913077720284 2.18114703907032e-28 -4.2913077720284 2.86469193488163
52500 -4.29134587934699 3.02936950506703e-28 -4.29134587934699 2.86762480733895
52600 -4.29133700090248 4.41936117549052e-28 -4.29133700090248 2.86826217230939
52700 -4.29123986067679 3.11460998034387e-28 -4.29123986067679 2.863284765722
52800 -4.29114609511279 3.01694644836356e-28 -4.29114609511279 2.87241436947137
52900 -4.29134369325078 2.68598447027495e-28 -4.29134369325078 2.86616805541589
53000 -4.29123730495164 3.90690573830245e-28 -4.29123730495164 2.86324272544494
53100 -4.29062877940241 3.19438696893428e-28 -4.29062877940241 2.87746935425306
53200 -4.29065385933604 2.63627128386615e-28 -4.29065385933604 2.85798388463819
53300 -4.29123617995563 2.83070488636694e-28 -4.29123617995563 2.87099527686472
53400 -4.29131063744907 3.92683627475255e-28 -4.29131063744907 2.86929176217355
53500 -4.29125408444224 3.5920913836038e-28 -4.29125408444224 2.8635288314026
53600 -4.29125856711265 2.69268562296702e-28 -4.29125856711265 2.87056364077276
53700 -4.29133615250228 3.48478992142464e-28 -4.29133615250228 2.86570347018091
53800 -4.29124730556621 4.51168622599615e-28 -4.29124730556621 2.8634102743585
53900 -4.29076104008219 3.23113070665197e-28 -4.29076104008219 2.87641545959312
54000 -4.2911414817947 3.23848857709317e-28 -4.2911414817947 2.86192940860525
54100 -4.2913152002898 4.53759611417653e-28 -4.2913152002898 2.86914758949378
54200 -4.29130173293354 2.20161954317911e-28 -4.29130173293354 2.86955106089317
54300 -4.29110521050872 3.83992494949559e-28 -4.29110521050872 2.8615209102934
54400 -4.29097902853912 3.58962255698169e-28 -4.29097902853912 2.87439606459073
54500 -4.2913088070381 3.59538606746365e-28 -4.2913088070381 2.86472060624476
54600 -4.29131440571521 3.45456736628783e-28 -4.29131440571521 2.86488279850605
54700 -4.29114478161251 4.50337914553288e-28 -4.29114478161251 2.87243251340478
54800 -4.29126552930231 4.22178378651492e-28 -4.29126552930231 2.86373956548131
54900 -4.29132638473641 2.0173532726495e-28 -4.29132638473641 2.86874766400441
55000 -4.29126261105868 2.79316325084633e-28 -4.29126261105868 2.87048042336832
55100 -4.29033693920489 3.21521008095998e-28 -4.29033693920489 2.85625349152373
55200 -4.2905762954189 2.53422535425327e-28 -4.2905762954189 2.8778623069655
55300 -4.29126007447609 2.83849420820751e-28 -4.29126007447609 2.86363735209896
55400 -4.29134467946915 4.12756579123995e-28 -4.29134467946915 2.86625059499465
55500 -4.29123459149456 3.6523229459274e-28 -4.29123459149456 2.87102427280328
55600 -4.29125535171965 1.50392140897018e-28 -4.29125535171965 2.86355148367966
55700 -4.2913152038628 1.40422819079449e-28 -4.2913152038628 2.86914747302744
55800 -4.29123108704093 1.66649860192106e-28 -4.29123108704093 2.8710875705429
55900 -4.29046236048377 4.2758217813148e-28 -4.29046236048377 2.85689583697532
56000 -4.29069334456045 3.53475399115227e-28 -4.29069334456045 2.87696726335006
56100 -4.29131293915833 2.78604780963981e-28 -4.29131293915833 2.86483907285045
56200 -4.29134599479781 3.51295515339669e-28 -4.29134599479781 2.86637803163773
56300 -4.29127880403659 1.89989180284855e-28 -4.29127880403659 2.87012690509722
56400 -4.29117673258961 3.30742784427182e-28 -4.29117673258961 2.86236491169607
56500 -4.29116943308044 3.70130592821535e-28 -4.29116943308044 2.87208208740687
56600 -4.29120106690821 5.23899859353323e-28 -4.29120106690821 2.87159670492506
56700 -4.29101303763988 4.10593783981489e-28 -4.29101303763988 2.86061129975554
56800 -4.29128062031584 3.0943185331848e-28 -4.29128062031584 2.87008493090051
56900 -4.29133519084372 2.8303475651487e-28 -4.29133519084372 2.86565603903277
57000 -4.29134765065264 3.42616669881555e-28 -4.29134765065264 2.8665936206166
57100 -4.2911278174682 4.02979867753719e-28 -4.2911278174682 2.87266202915645
57200 -4.290661871042 2.79548507794679e-28 -4.290661871042 2.85803285357336
57300 -4.29100511413854 2.29535950526327e-28 -4.29100511413854 2.87412013944031
57400 -4.29132806884119 1.94639752212214e-28 -4.29132806884119 2.86867966316095
57500 -4.29121691043369 3.60291889539021e-28 -4.29121691043369 2.86292400340052
57600 -4.29132273834962 2.38202413388947e-28 -4.29132273834962 2.86888689397911
57700 -4.29134158847165 2.80778558356287e-28 -4.29134158847165 2.86601532924524
57800 -4.29134884863488 3.49633040706158e-28 -4.29134884863488 2.86699251336503
57900 -4.29123667130703 3.35319035667707e-28 -4.29123667130703 2.87098626821996
58000 -4.29097099809713 3.36116578721357e-28 -4.29097099809713 2.86024177578532
58100 -4.29105972226192 3.97236138431782e-28 -4.29105972226192 2.87350828958498
58200 -4.29132716987468 2.48299883609531e-28 -4.29132716987468 2.86871628138942
58300 -4.29109684137048 3.42058074526764e-28 -4.29109684137048 2.86143138165066
58400 -4.29113375687861 3.07914567851528e-28 -4.29113375687861 2.87258266020783
58500 -4.29130969343916 2.90459550690346e-28 -4.29130969343916 2.8647454667625
58600 -4.29134881203507 2.18783139896507e-28 -4.29134881203507 2.86706214324319
58700 -4.29118313257413 3.60921926528205e-28 -4.29118313257413 2.8718773625988
58800 -4.29018196287057 3.65917893829819e-28 -4.29018196287057 2.85551902931949
58900 -4.29078987190608 4.13302301268133e-28 -4.29078987190608 2.87617148588818
59000 -4.29134875628027 2.69543298847252e-28 -4.29134875628027 2.86688129871292
59100 -4.29129535922321 3.94093685535677e-28 -4.29129535922321 2.86437360225893
59200 -4.2912843657297 4.93781207704757e-28 -4.2912843657297 2.86999666724964
59300 -4.2913417514977 3.51246169458839e-28 -4.2913417514977 2.8660262781423
59400 -4.29134873316234 4.21826870546078e-28 -4.29134873316234 2.86711647298711
59500 -4.29134454132358 3.87225690230274e-28 -4.29134454132358 2.86775489634611
59600 -4.29126853198903 3.74088713281962e-28 -4.29126853198903 2.86379732846216
59700 -4.29120514823015 4.10940105906349e-28 -4.29120514823015 2.87153059903129
59800 -4.29134884083964 3.11662867816002e-28 -4.29134884083964 2.86695997225141
59900 -4.29112797683049 2.24758970649759e-28 -4.29112797683049 2.86177315139534
60000 -4.29055106472213 2.16895946932871e-28 -4.29055106472213 2.87804681510016
60100 -4.29126021363508 3.63622708119696e-28 -4.29126021363508 2.86363991813441
60200 -4.29134346941675 2.37126314984467e-28 -4.29134346941675 2.86784513199875
60300 -4.29131581054294 4.89375366036582e-28 -4.29131581054294 2.8691276106134
60400 -4.29090857226363 2.21869773639899e-28 -4.29090857226363 2.85973220347269
60500 -4.29058748152914 3.95461438235745e-28 -4.29058748152914 2.87777961612987
60600 -4.29131968079759 2.85077457508229e-28 -4.29131968079759 2.86504859293093
60700 -4.29130640864432 3.13299541650258e-28 -4.29130640864432 2.86465473100362
60800 -4.29119152040992 3.86906673280158e-28 -4.29119152040992 2.87174800672998
60900 -4.2913189931353 2.53859357908926e-28 -4.2913189931353 2.86502615063411
61000 -4.29134753470685 2.64401811017736e-28 -4.29134753470685 2.86741232519416
61100 -4.29134679128276 1.28401613199397e-28 -4.29134679128276 2.86751834227
61200 -4.29130040655606 2.95489420894096e-28 -4.29130040655606 2.86449786905951
61300 -4.29111254190661 3.33212242407799e-28 -4.29111254190661 2.87286161138559
61400 -4.29131910570872 2.8733965023426e-28 -4.29131910570872 2.86502980619698
61500 -4.29129563411539 3.23046989687648e-28 -4.29129563411539 2.86438020933722
61600 -4.29067358628423 3.70629844869895e-28 -4.29067358628423 2.87712325722681
61700 -4.29113124853847 2.2013687905934e-28 -4.29113124853847 2.86181052622367
61800 -4.29132852835205 3.99097389998054e-28 -4.29132852835205 2.86866064822585
61900 -4.29133873176183 2.27616671237712e-28 -4.29133873176183 2.86816484643416
62000 -4.29096439306302 3.32073880358513e-28 -4.29096439306302 2.86018578817296
62100 -4.29001036888591 2.60618120763853e-28 -4.29001036888591 2.88150697866811
62200 -4.29121163092209 3.8435065245956e-28 -4.29121163092209 2.8628458182385
62300 -4.29134599261358 3.27392481867401e-28 -4.29134599261358 2.86637779775246
62400 -4.29124228842046 3.0693655468462e-28 -4.29124228842046 2.87088191082673
62500 -4.29114496079205 3.2530154070946e-28 -4.29114496079205 2.86197053698833
62600 -4.29082015455546 4.74925593537626e-28 -4.29082015455546 2.87590881431319
62700 -4.29127765491211 2.0150232234346e-28 -4.29127765491211 2.87015319508509
62800 -4.29117843218427 2.83223335097031e-28 -4.29117843218427 2.86238706062789
62900 -4.29112737315012 2.56143791079748e-28 -4.29112737315012 2.87266792551574
63000 -4.29126919254698 3.89537869608494e-28 -4.29126919254698 2.86381018645925
63100 -4.29134758755621 3.76744037845049e-28 -4.29134758755621 2.86658329114982
63200 -4.28990086151774 2.44160034835203e-28 -4.28990086151774 2.88212399714115
63300 -4.29014040313049 4.03105466599758e-28 -4.29014040313049 2.85533160231663
63400 -4.29085973810551 2.26925773658075e-28 -4.29085973810551 2.87555459558321
63500 -4.29127703561714 3.34292267223152e-28 -4.29127703561714 2.86396732884399
63600 -4.29134561988047 3.5634764151972e-28 -4.29134561988047 2.86633912853987
63700 -4.2911359331586 2.92973885300072e-28 -4.2911359331586 2.87255331732265
63800 -4.29033814822942 3.89956491815363e-28 -4.29033814822942 2.8562594627419
63900 -4.29056036770627 2.3834146728083e-28 -4.29056036770627 2.87797910143489
64000 -4.29134462420336 4.3392093427158e-28 -4.29134462420336 2.86774747919036
64100 -4.29124579291659 4.1116053808375e-28 -4.29124579291659 2.86338439172955
64200 -4.29108411024902 3.2671790371295e-28 -4.29108411024902 2.87321737354437
64300 -4.29118146302626 2.7745097294675e-28 -4.29118146302626 2.86242685160856
64400 -4.29132054204814 3.56154159561175e-28 -4.29132054204814 2.86896622901932
64500 -4.29088451952934 3.35244024129265e-28 -4.29088451952934 2.87532595625837
64600 -4.29120635246018 3.48892625783346e-28 -4.29120635246018 2.86276922336089
64700 -4.29128679236097 3.21400169816769e-28 -4.29128679236097 2.86993817965101
64800 -4.29134831706144 3.67604015797598e-28 -4.29134831706144 2.8672591109544
64900 -4.29100075270545 3.12142404052177e-28 -4.29100075270545 2.86050083948355
65000 -4.29017670480526 4.00871734122328e-28 -4.29017670480526 2.88052434729396
65100 -4.29093857176093 2.12123672022988e-28 -4.29093857176093 2.85997179363406
65200 -4.29130519817286 3.32727152779358e-28 -4.29130519817286 2.86945320668919
65300 -4.29122667885925 3.71984396164696e-28 -4.29122667885925 2.87116592775032
65400 -4.29089181694112 3.68245764435182e-28 -4.29089181694112 2.85960226081787
65500 -4.28974060927408 3.21022907023751e-28 -4.28974060927408 2.88298962236574
65600 -4.29123844738033 2.9950879632098e-28 -4.29123844738033 2.86326145443581
65700 -4.29133787141442 4.88704024423816e-28 -4.29133787141442 2.86579305912046
65800 -4.29119160019308 4.03744150884168e-28 -4.29119160019308 2.87174676071721
65900 -4.29109413356769 2.61131568739632e-28 -4.29109413356769 2.8614027578976
66000 -4.29069981238123 3.0316017688454e-28 -4.29069981238123 2.87691572595619
66100 -4.29126991590168 3.6987046124667e-28 -4.29126991590168 2.87032524565015
66200 -4.29111660776823 2.88004432447404e-28 -4.29111660776823 2.86164552951275
66300 -4.29098598968443 3.13097422264534e-28 -4.29098598968443 2.8743233576882
66400 -4.29122130266921 2.13946082258055e-28 -4.29122130266921 2.86299031778
66500 -4.29134693114596 3.72530954250572e-28 -4.29134693114596 2.8675000714705
66600 -4.29046813406693 3.35175826320524e-28 -4.29046813406693 2.87863510141348
66700 -4.29042764394071 2.92255889994968e-28 -4.29042764394071 2.85671318202048
66800 -4.29119084966571 3.93851134223859e-28 -4.29119084966571 2.87175847016355
66900 -4.2913481047869 2.35454382798694e-28 -4.2913481047869 2.86667792496176
67000 -4.29126141253561 3.36476715405332e-28 -4.29126141253561 2.86366211335576
67100 -4.29069594362315 3.03752326833932e-28 -4.29069594362315 2.87694658182571
67200 -4.28910944657124 1.67048530970289e-28 -4.28910944657124 2.85152318934851
67300 -4.2911316272168 2.42359591861943e-28 -4.2911316272168 2.87261123782677
67400 -4.29133367762331 2.50274357016361e-28 -4.29133367762331 2.86843120965053
67500 -4.29121394660761 4.00461091708519e-28 -4.29121394660761 2.8628799122312
67600 -4.29100584739342 3.06083865723217e-28 -4.29100584739342 2.87411224266133
67700 -4.29116794746697 4.92012261558833e-28 -4.29116794746697 2.86225223739118
67800 -4.29134667428975 2.89364194897779e-28 -4.29134667428975 2.86753315732893
67900 -4.29123315327246 2.36097565858523e-28 -4.29123315327246 2.87105036069597
68000 -4.291251454994 2.90251563521755e-28 -4.291251454994 2.86348233216947
68100 -4.29129334490621 3.63268886295939e-28 -4.29129334490621 2.86977458050295
68200 -4.29131206605131 3.07122878273579e-28 -4.29131206605131 2.86924755912765
68300 -4.29076163531806 3.87606861502257e-28 -4.29076163531806 2.85867126797175
68400 -4.29045822245671 4.81493417027479e-28 -4.29045822245671 2.87870367540715
68500 -4.29108701500364 4.60061850264679e-28 -4.29108701500364 2.86132827993995
68600 -4.29134081564096 2.8556447725697e-28 -4.29134081564096 2.86803606249777
68700 -4.2911802207928 2.8157729591406e-28 -4.2911802207928 2.87192153321395
68800 -4.29117469549726 2.91134148851438e-28 -4.29117469549726 2.86233851722641
68900 -4.2913125020099 2.86931961749749e-28 -4.2913125020099 2.86923390621879
69000 -4.29134823591902 3.04915519467964e-28 -4.29134823591902 2.86727880181265
69100 -4.29130350363321 3.08213381729663e-28 -4.29130350363321 2.86457746821211
69200 -4.29084579475474 2.02358761176189e-28 -4.29084579475474 2.87568085172932
69300 -4.29101180411679 2.38739770555546e-28 -4.29101180411679 2.86060011060407
69400 -4.2913320011964 3.56430820321245e-28 -4.2913320011964 2.86850957560988
69500 -4.29123178655189 3.49050552691927e-28 -4.29123178655189 2.87107500852371
69600 -4.29130472367027 2.43628101186003e-28 -4.29130472367027 2.86460959538022
69700 -4.29133691187459 3.03836531280681e-28 -4.29133691187459 2.86826698320795
69800 -4.29134877008517 2.56094707371354e-28 -4.29134877008517 2.86688991713191
69900 -4.29132962431323 2.5398304759363e-28 -4.29132962431323 2.86540994156398
70000 -4.29117177218425 4.9622212933103e-28 -4.29117177218425 2.87204767448094
70100 -4.29112006838697 4.00642588917962e-28 -4.29112006838697 2.86168401476381
70200 -4.29131962482874 2.43523287833147e-28 -4.29131962482874 2.86899847619606
70300 -4.2910681716172 2.6390742665731e-28 -4.2910681716172 2.87340886974249
70400 -4.29104385683024 4.16962724908638e-28 -4.29104385683024 2.86089843576407
70500 -4.29132280444207 3.46439413306702e-28 -4.29132280444207 2.86888445749757
70600 -4.29134845910276 3.53764057491332e-28 -4.29134845910276 2.86676462645692
70700 -4.29133365404569 3.02542214715289e-28 -4.29133365404569 2.8655836488724
70800 -4.29107224476275 3.49522605121269e-28 -4.29107224476275 2.87336043511848
70900 -4.29105290673694 3.10149000414179e-28 -4.29105290673694 2.86098570661266
71000 -4.29129921416814 3.01586279519122e-28 -4.29129921416814 2.86962004333687
71100 -4.29112732062694 2.65861291554648e-28 -4.29112732062694 2.87266862215675
71200 -4.29106797776002 2.79583019272487e-28 -4.29106797776002 2.86113429947815
71300 -4.29128747731796 3.01314539813709e-28 -4.29128747731796 2.86992147515902
71400 -4.29134814239813 2.94070767857386e-28 -4.29134814239813 2.86668595477602
71500 -4.29133458591571 4.41479093319015e-28 -4.29133458591571 2.8656270716312
71600 -4.29103857214211 3.04960020297379e-28 -4.29103857214211 2.87375127045404
71700 -4.29079794036802 3.82510689741627e-28 -4.29079794036802 2.85891837873523
71800 -4.29122116582765 3.15442227669982e-28 -4.29122116582765 2.87126204781689
71900 -4.29126324864601 2.98913699508637e-28 -4.29126324864601 2.87046713471178
72000 -4.29127086240405 2.86126270265274e-28 -4.29127086240405 2.86384294148693
72100 -4.29131587726527 2.77508661647273e-28 -4.29131587726527 2.86912541546816
72200 -4.2913469579819 3.14356005673647e-28 -4.2913469579819 2.8664918685848
72300 -4.29134327536221 2.98417796057368e-28 -4.29134327536221 2.86613551811684
72400 -4.29125670618938 2.69801164808373e-28 -4.29125670618938 2.87060133797186
72500 -4.29103204574348 3.17395589328687e-28 -4.29103204574348 2.86078661710278
72600 -4.29116890728185 3.21765525701859e-28 -4.29116890728185 2.87208979342204
72700 -4.29118382815995 2.07152591110337e-28 -4.29118382815995 2.87186675610988
72800 -4.29119794728246 3.59876495238808e-28 -4.29119794728246 2.86265029489342
72900 -4.29130286440654 3.04851049335903e-28 -4.29130286440654 2.86951950000976
73000 -4.291340899668 3.02157009138313e-28 -4.291340899668 2.86597039134392
73100 -4.29133637237525 3.37558231276906e-28 -4.29133637237525 2.86571456958309
73200 -4.29111023016801 2.83705704360074e-28 -4.29111023016801 2.87289127345059
73300 -4.2910236271856 4.55861193108771e-28 -4.2910236271856 2.8607082868093
73400 -4.2912528086241 3.02678112198431e-28 -4.2912528086241 2.87067913421444
73500 -4.29120210983317 2.79906129603825e-28 -4.29120210983317 2.87157989632048
73600 -4.2909118380954 3.08618966125974e-28 -4.2909118380954 2.85975784429182
73700 -4.29110042777971 2.76529415602693e-28 -4.29110042777971 2.87301555470336
73800 -4.29133686857241 3.37101606600052e-28 -4.29133686857241 2.86573999023551
73900 -4.29132526901495 3.12765902772937e-28 -4.29132526901495 2.86524209368041
74000 -4.29102739982458 3.1706207992354e-28 -4.29102739982458 2.87387645025336
74100 -4.29032779990101 2.34701902655807e-28 -4.29032779990101 2.85620848323024
74200 -4.29107515662689 3.25131874258695e-28 -4.29107515662689 2.87332560146817
74300 -4.2912930255156 2.60140593133329e-28 -4.2912930255156 2.86978276103575
74400 -4.29110566103331 2.83011303944701e-28 -4.29110566103331 2.86152577626614
74500 -4.29100891538315 3.78114236333656e-28 -4.29100891538315 2.87407911497093
74600 -4.29128786314955 3.56597679807027e-28 -4.29128786314955 2.86419979365614
74700 -4.29133376882118 2.66115074365674e-28 -4.29133376882118 2.8655889222767
74800 -4.28994546649895 3.22075315180077e-28 -4.28994546649895 2.88187532220953
74900 -4.29099705732102 4.25861278403548e-28 -4.29099705732102 2.86046802738223
75000 -4.29124525743627 3.2049423068532e-28 -4.29124525743627 2.87082568988744
75100 -4.29134497413436 2.37396761016825e-28 -4.29134497413436 2.86771533987837
75200 -4.29099560333391 3.40481960147515e-28 -4.29099560333391 2.86045516842311
75300 -4.28934699238404 4.7492316124094e-28 -4.28934699238404 2.88495819824271
75400 -4.29092849496153 3.98861205567602e-28 -4.29092849496153 2.85989027985755
75500 -4.29130021256174 3.80478279300441e-28 -4.29130021256174 2.86959290463617
75600 -4.29120702032309 3.8724986231812e-28 -4.29120702032309 2.87149997656802
75700 -4.29089620082597 3.74457819293213e-28 -4.29089620082597 2.85963600388046
75800 -4.29063757822095 2.6709580349088e-28 -4.29063757822095 2.87740219575477
75900 -4.29125735302655 2.7024978366421e-28 -4.29125735302655 2.86358758692549
76000 -4.2913332956683 3.35899046675541e-28 -4.2913332956683 2.86556731267222
76100 -4.29123257739136 5.30870050487565e-28 -4.29123257739136 2.87106076315508
76200 -4.29123708508223 4.31085882723644e-28 -4.29123708508223 2.86323913250529
76300 -4.29128772292031 3.61025671532893e-28 -4.29128772292031 2.86991546396599
76400 -4.29088826345244 3.35119079273458e-28 -4.29088826345244 2.87529092017451
76500 -4.2907581318385 3.74677541964888e-28 -4.2907581318385 2.8586478730235
76600 -4.29095714003484 3.02107817395442e-28 -4.29095714003484 2.87462056804739
76700 -4.29128086067116 6.01975213871541e-28 -4.29128086067116 2.86404722021412
76800 -4.29134637951448 3.23577109091005e-28 -4.29134637951448 2.86642073944726
76900 -4.29097672894039 3.62814229022387e-28 -4.29097672894039 2.8744199407508
77000 -4.28965644276707 3.55741425255199e-28 -4.28965644276707 2.85337605750075
77100 -4.29091917513034 3.29286872608044e-28 -4.29091917513034 2.87499636193811
77200 -4.29134745486207 2.29798279619929e-28 -4.29134745486207 2.86742494412724
77300 -4.29124380058702 5.21523443176687e-28 -4.29124380058702 2.86335060413907
77400 -4.29104087532356 2.5465876344166e-28 -4.29104087532356 2.87372520022459
77500 -4.2911721193221 2.14399701925815e-28 -4.2911721193221 2.86230537198004
77600 -4.29133621364299 2.61421964142e-28 -4.29133621364299 2.86830412122358
77700 -4.28997855686225 2.84156419680409e-28 -4.28997855686225 2.88168850999543
77800 -4.29084713553254 2.72779127051174e-28 -4.29084713553254 2.85926800168088
77900 -4.29116005482261 3.05620947844054e-28 -4.29116005482261 2.87221795651441
78000 -4.29133579363729 2.63142353961093e-28 -4.29133579363729 2.86568556273777
78100 -4.29130605684221 3.33731007076457e-28 -4.29130605684221 2.86464523173565
78200 -4.2901454090782 3.18986626930532e-28 -4.2901454090782 2.8807137991009
78300 -4.29021669084147 4.55611046067934e-28 -4.29021669084147 2.85567857083336
78400 -4.29119595858996 2.99535065217186e-28 -4.29119595858996 2.87167822835249
78500 -4.29131120837202 3.61663423703186e-28 -4.29131120837202 2.86927419389349
78600 -4.29106296140648 3.69062139351242e-28 -4.29106296140648 2.86108437352751
78700 -4.29074408058384 2.3873208938047e-28 -4.29074408058384 2.87655636517174
78800 -4.29097202534799 4.3050682686972e-28 -4.29097202534799 2.86025053099455
78900 -4.29131117670879 3.935949418628e-28 -4.29131117670879 2.86927517156305
79000 -4.29123866906563 2.75053849273554e-28 -4.29123866906563 2.87094944499415
79100 -4.29119038712964 3.1814081074572e-28 -4.29119038712964 2.86254628845263
79200 -4.29121884433797 3.96415061872479e-28 -4.29121884433797 2.87130192875483
79300 -4.2913070190838 2.56726569621819e-28 -4.2913070190838 2.86940029407354
79400 -4.29103128196981 2.40733191483955e-28 -4.29103128196981 2.8607794644808
79500 -4.29071494237102 3.50439345784014e-28 -4.29071494237102 2.87679422505446
79600 -4.29103473188979 2.3630724852041e-28 -4.29103473188979 2.86081184681641
79700 -4.29130932320636 5.16337786612821e-28 -4.29130932320636 2.8693317306954
79800 -4.29126222121219 4.31201727589984e-28 -4.29126222121219 2.87048852555237
79900 -4.29104619355731 3.15684472681131e-28 -4.29104619355731 2.86092083402713
80000 -4.2907582072522 2.28735216660507e-28 -4.2907582072522 2.87643912637738
80100 -4.29130645336256 2.62609205964999e-28 -4.29130645336256 2.86465594138481
80200 -4.29131732697779 4.14841720428458e-28 -4.29131732697779 2.86497285354116
80300 -4.29124126339922 3.62185742184814e-28 -4.29124126339922 2.87090114652856
80400 -4.29125206799351 2.85668342203135e-28 -4.29125206799351 2.86349311300286
80500 -4.29132144525718 2.79111144027669e-28 -4.29132144525718 2.86893397699408
80600 -4.29119877510715 3.37191430495451e-28 -4.29119877510715 2.87163344348477
80700 -4.29078302564095 3.01039094907338e-28 -4.29078302564095 2.85881580579611
80800 -4.29085691272909 2.67030421305136e-28 -4.29085691272909 2.87558031422541
80900 -4.29131900022308 3.99368566342494e-28 -4.29131900022308 2.86502638058456
81000 -4.29131151277679 2.40267588811272e-28 -4.29131151277679 2.86479742011394
81100 -4.29124013121817 2.45507317335125e-28 -4.29124013121817 2.87092229183212
81200 -4.29131507488633 4.18642140491751e-28 -4.29131507488633 2.86490306867712
81300 -4.29134517948201 3.4695579972179e-28 -4.29134517948201 2.86769580868609
81400 -4.29133271018341 2.927216572374e-28 -4.29133271018341 2.86847692021935
81500 -4.29092590478246 2.73831365292172e-28 -4.29092590478246 2.85986950000352
81600 -4.29060757238389 2.88642747998982e-28 -4.29060757238389 2.87762967679044
81700 -4.29128342332208 3.25735184881076e-28 -4.29128342332208 2.86410206250618
81800 -4.29133100540247 4.43951286064643e-28 -4.29133100540247 2.86546716992161
81900 -4.29129962165171 3.57081278342446e-28 -4.29129962165171 2.86960899873942
82000 -4.29131200502007 3.82640792947238e-28 -4.29131200502007 2.86481170014207
82100 -4.29133349042882 3.43702442978626e-28 -4.29133349042882 2.86844016301237
82200 -4.2913187583852 2.90622230358807e-28 -4.2913187583852 2.86902849206562
82300 -4.29114395845422 2.10514907044031e-28 -4.29114395845422 2.86195864924891
82400 -4.29087797835036 2.5749508970164e-28 -4.29087797835036 2.87538685234108
82500 -4.29127708472898 2.14796664238347e-28 -4.29127708472898 2.86396834035252
82600 -4.29132998315843 3.84373123793722e-28 -4.29132998315843 2.86542460310438
82700 -4.29125227153661 3.0768884602455e-28 -4.29125227153661 2.87068973570686
82800 -4.29127318713311 2.97632657638799e-28 -4.29127318713311 2.86388915842031
82900 -4.29132043583855 3.51687752957412e-28 -4.29132043583855 2.86896998868178
83000 -4.29126362636631 3.80636003855107e-28 -4.29126362636631 2.87045923999755
83100 -4.2907855851859 2.28502605542163e-28 -4.2907855851859 2.85883330165086
83200 -4.29075919991603 2.62087071672735e-28 -4.29075919991603 2.87643083923885
83300 -4.29128355701419 3.40257676125632e-28 -4.29128355701419 2.86410495405038
83400 -4.29133214025061 3.88248836954431e-28 -4.29133214025061 2.86551591381082
83500 -4.29124748925744 2.43846889790453e-28 -4.29124748925744 2.8707829205056
83600 -4.29131904646475 3.72280315822964e-28 -4.29131904646475 2.86502788149946
83700 -4.29134436930734 3.70485409150262e-28 -4.29134436930734 2.867770068892
83800 -4.2913446729359 2.4857738405688e-28 -4.2913446729359 2.86774308439171
83900 -4.2910929515978 3.17830517588506e-28 -4.2910929515978 2.86139031476479
84000 -4.29066104203665 3.74086827534047e-28 -4.29066104203665 2.87722119752612
84100 -4.29119349724146 4.90017492923691e-28 -4.29119349724146 2.86258874910546
84200 -4.29134587721364 2.86154745148694e-28 -4.29134587721364 2.86636556675964
84300 -4.29127799202175 2.96141616311821e-28 -4.29127799202175 2.87014550359969
84400 -4.291299767367 1.86910030262006e-28 -4.291299767367 2.86448177229191
84500 -4.29132271870481 2.80116338978994e-28 -4.29132271870481 2.86888761760211
84600 -4.29121679609007 3.43747296380584e-28 -4.29121679609007 2.87133683409833
84700 -4.29078510296021 2.10073091284724e-28 -4.29078510296021 2.85883000203489
84800 -4.29096063143028 2.36757550343236e-28 -4.29096063143028 2.87458516265082
84900 -4.29129555867365 3.28667744616628e-28 -4.29129555867365 2.86437839432233
85000 -4.29134732055754 2.88073180785114e-28 -4.29134732055754 2.86654222141767
85100 -4.29119301658861 2.29066406089304e-28 -4.29119301658861 2.87172458968465
85200 -4.29023615189852 2.53642928156723e-28 -4.29023615189852 2.85576918977776
85300 -4.29072871815168 3.4893280283501e-28 -4.29072871815168 2.87668242023196
85400 -4.29134409310816 3.40175761691216e-28 -4.29134409310816 2.86779384110169
85500 -4.29124906366731 3.36693832475395e-28 -4.29124906366731 2.8634406126605
85600 -4.29112756071586 2.85382451356365e-28 -4.29112756071586 2.8726654370978
85700 -4.29126000923246 2.66543749152819e-28 -4.29126000923246 2.86363614975688
85800 -4.29134769977274 3.29533270667848e-28 -4.29134769977274 2.86660185301171
85900 -4.29089889314968 4.22642377738833e-28 -4.29089889314968 2.87519070963827
86000 -4.29012423791675 3.63814689510277e-28 -4.29012423791675 2.85525968993272
86100 -4.29026638319087 3.911604895008e-28 -4.29026638319087 2.87996840377654
86200 -4.29134686436948 2.87646012774569e-28 -4.29134686436948 2.86647967954415
86300 -4.29129986947892 2.82053979652138e-28 -4.29129986947892 2.86448433646597
86400 -4.2911888193245 1.93748016772383e-28 -4.2911888193245 2.87179001431582
86500 -4.29103679682848 4.26367042038929e-28 -4.29103679682848 2.86083132125081
86600 -4.29113078849759 3.77379744874413e-28 -4.29113078849759 2.87262245579798
86700 -4.29114141708214 2.54349083090101e-28 -4.29114141708214 2.87247873663775
86800 -4.29101795487438 1.81908148391934e-28 -4.29101795487438 2.86065612628024
86900 -4.29108157523157 2.73224198192753e-28 -4.29108157523157 2.87324819015345
87000 -4.29133209536757 3.01880605334942e-28 -4.29133209536757 2.86551395442657
87100 -4.2912633760753 2.96328197174006e-28 -4.2912633760753 2.86369881134011
87200 -4.29061453584713 3.77854188786146e-28 -4.29061453584713 2.87757727064173
87300 -4.29103153083107 3.74668154628468e-28 -4.29103153083107 2.86078179400397
87400 -4.29123983191012 2.91366838281387e-28 -4.29123983191012 2.87092786430355
87500 -4.29132034877842 2.18097821600009e-28 -4.29132034877842 2.86897306542086
87600 -4.29051963212481 2.32384867346923e-28 -4.29051963212481 2.85720614891713
87700 -4.28992312677641 3.01013941266132e-28 -4.28992312677641 2.88200031089505
87800 -4.29114809923596 3.41180688332008e-28 -4.29114809923596 2.86200796220091
87900 -4.29133510044969 3.17821516637711e-28 -4.29133510044969 2.86836131223977
88000 -4.29115659326786 3.06656283324868e-28 -4.29115659326786 2.87226728934864
88100 -4.29037191561166 3.59949954538519e-28 -4.29037191561166 2.85642789017926
88200 -4.28976149844205 3.51733595320781e-28 -4.28976149844205 2.88287912480426
88300 -4.29132306925959 3.3679590686915e-28 -4.29132306925959 2.86516337625314
88400 -4.29132897944303 3.2997095689051e-28 -4.29132897944303 2.8653839415474
88500 -4.29118250052325 2.81603327420742e-28 -4.29118250052325 2.87188698186579
88600 -4.29092542078907 3.30333673742109e-28 -4.29092542078907 2.85986562485248
88700 -4.29091678718356 2.67447508201673e-28 -4.29091678718356 2.87501946497248
88800 -4.29122400318493 2.66984459904185e-28 -4.29122400318493 2.87121283142401
88900 -4.290990744199 2.59807559199609e-28 -4.290990744199 2.86041240178816
89000 -4.29095058583735 3.03335486157106e-28 -4.29095058583735 2.87468663268047
89100 -4.29127742852804 4.74904399339719e-28 -4.29127742852804 2.863975431383
89200 -4.29134132754078 6.09177941894761e-28 -4.29134132754078 2.86599806147427
89300 -4.29105577234071 3.55639010556684e-28 -4.29105577234071 2.8735542928742
89400 -4.29056922071344 3.53273952076972e-28 -4.29056922071344 2.85748466765211
89500 -4.29070697752957 4.26544054058666e-28 -4.29070697752957 2.87685835253348
89600 -4.29133893476435 2.58011692073656e-28 -4.29133893476435 2.86815291289726
89700 -4.29128493329599 3.20055120982168e-28 -4.29128493329599 2.8641349018449
89800 -4.2912342795018 2.6314121366805e-28 -4.2912342795018 2.87102994529236
89900 -4.29129071596274 2.47354501341889e-28 -4.29129071596274 2.86426455655706
90000 -4.29134463628122 3.68212414894322e-28 -4.29134463628122 2.86624678559556
90100 -4.29082185174246 3.18728991065288e-28 -4.29082185174246 2.87589388724516
90200 -4.29075518382999 2.44218108641211e-28 -4.29075518382999 2.8586282466132
90300 -4.29115792167841 4.67100768234961e-28 -4.29115792167841 2.87224840784265
90400 -4.29134095759951 3.29980205611969e-28 -4.29134095759951 2.8680267220134
90500 -4.29128869556813 4.08958661873897e-28 -4.29128869556813 2.86421852491373
90600 -4.29131306666231 3.27219564221171e-28 -4.29131306666231 2.86921610539844
90700 -4.29134194776273 3.80323156303891e-28 -4.29134194776273 2.86603963006993
90800 -4.2913488111733 3.30100473223268e-28 -4.2913488111733 2.86692155241098
90900 -4.29131681629712 3.45876555002134e-28 -4.29131681629712 2.86909429134983
91000 -4.29106847373581 1.88702747400185e-28 -4.29106847373581 2.86113926177038
91100 -4.2910240727058 3.49280285742397e-28 -4.2910240727058 2.87391332869925
91200 -4.29133012869445 2.45666872292349e-28 -4.29133012869445 2.86859273541067
91300 -4.29116623398497 3.07003660458055e-28 -4.29116623398497 2.86223060288825
91400 -4.29126286834989 4.13560708515385e-28 -4.29126286834989 2.87047506652699
91500 -4.29132355939813 2.99357870240561e-28 -4.29132355939813 2.86518060756999
91600 -4.29134843054577 3.9191522349308e-28 -4.29134843054577 2.8672288577244
91700 -4.29113295841155 5.08378584835025e-28 -4.29113295841155 2.87259339045681
91800 -4.29059806303562 2.70618623367752e-28 -4.29059806303562 2.85765123205972
91900 -4.29095623923145 2.83137501710001e-28 -4.29095623923145 2.87462967867251
92000 -4.29134865157608 2.09966513316067e-28 -4.29134865157608 2.86715458601946
92100 -4.29126886921797 2.96635590920798e-28 -4.29126886921797 2.863803885808
92200 -4.2912611389814 3.70750559057497e-28 -4.2912611389814 2.87051092702382
92300 -4.29133299281987 3.64503803010032e-28 -4.29133299281987 2.86555365694861
92400 -4.29134879818569 3.39814857560518e-28 -4.29134879818569 2.86707432142884
92500 -4.29134517585174 2.74279437977501e-28 -4.29134517585174 2.86769615859567
92600 -4.29134011397485 3.02801448191171e-28 -4.29134011397485 2.86592148378464
92700 -4.29132208249759 3.1270814021518e-28 -4.29132208249759 2.86891091190624
92800 -4.29134705817505 2.62655219858046e-28 -4.29134705817505 2.86650525639125
92900 -4.29122904082469 3.99532558290604e-28 -4.29122904082469 2.86311015018312
93000 -4.29052281219289 3.40239477224065e-28 -4.29052281219289 2.87825025791919
93100 -4.2907352945534 2.73584946857193e-28 -4.2907352945534 2.85849721868843
93200 -4.29132944613967 4.43486392188076e-28 -4.29132944613967 2.86862203292487
93300 -4.29133179131195 4.26058814754413e-28 -4.29133179131195 2.86851911360761
93400 -4.29128559805155 3.28270373304527e-28 -4.29128559805155 2.86414948710997
93500 -4.29116629125361 3.68745977957891e-28 -4.29116629125361 2.87212797472545
93600 -4.2913407130527 2.76403057987695e-28 -4.2913407130527 2.86595856037889
93700 -4.29125792312098 5.08780255575922e-28 -4.29125792312098 2.86359794692432
93800 -4.29095627909765 3.07367672288882e-28 -4.29095627909765 2.87462927567981
93900 -4.29119850602365 2.61123289552224e-28 -4.29119850602365 2.86265809013283
94000 -4.29134407821609 2.90946088045488e-28 -4.29134407821609 2.86779510322247
94100 -4.29134562974119 3.80089310617186e-28 -4.29134562974119 2.86765099445122
94200 -4.29133936843764 2.73847067575231e-28 -4.29133936843764 2.86587710381245
94300 -4.29129497094186 3.54235194655263e-28 -4.29129497094186 2.86973258096772
94400 -4.29132616280882 3.24694386674418e-28 -4.29132616280882 2.86527515080996
94500 -4.2912867076266 3.42284182317135e-28 -4.2912867076266 2.86417401091175
94600 -4.29046422405 1.81038021277763e-28 -4.29046422405 2.87866219513177
94700 -4.29091237868554 4.21446018969748e-28 -4.29091237868554 2.85976209868496
94800 -4.29131225628689 3.66975360165601e-28 -4.29131225628689 2.8692416111457
94900 -4.29133849759201 3.18343614294446e-28 -4.29133849759201 2.86817846716073
95000 -4.29123690631317 3.04573584253742e-28 -4.29123690631317 2.86323621393795
95100 -4.29026780351115 3.26026959617052e-28 -4.29026780351115 2.87995943425437
95200 -4.29114746040902 1.7335351057645e-28 -4.29114746040902 2.86200031914923
95300 -4.29134685103744 4.04225109301269e-28 -4.29134685103744 2.86647796739772
95400 -4.29123182215328 2.2962345969983e-28 -4.29123182215328 2.87107436822779
95500 -4.29120111362932 3.16248152093242e-28 -4.29120111362932 2.86269467460817
95600 -4.2910283407066 4.01771685015508e-28 -4.2910283407066 2.8738659885528
95700 -4.29122015762023 3.38298930032969e-28 -4.29122015762023 2.87127941002605
95800 -4.29113641115555 4.84979499816216e-28 -4.29113641115555 2.86187011893174
95900 -4.29110889032816 3.14878069003686e-28 -4.29110889032816 2.87290840239782
96000 -4.29126520834954 2.46077435343921e-28 -4.29126520834954 2.86373345614273
96100 -4.29134829008381 3.50800281755354e-28 -4.29134829008381 2.86726581392199
96200 -4.29007346258091 3.25434932352412e-28 -4.29007346258091 2.88114109680936
96300 -4.29075092892192 3.24767844947955e-28 -4.29075092892192 2.85860001420108
96400 -4.29105619000235 3.86670706511001e-28 -4.29105619000235 2.87354944249799
96500 -4.29133926294554 2.87448972230276e-28 -4.29133926294554 2.86587096949912
96600 -4.29127347733344 3.1459721780051e-28 -4.29127347733344 2.86389497954444
96700 -4.28995289891978 2.46377392432953e-28 -4.28995289891978 2.8818335380363
96800 -4.29020377940571 3.25350178814806e-28 -4.29020377940571 2.85561893560924
96900 -4.29126293352905 2.69405515411263e-28 -4.29126293352905 2.87047370827589
97000 -4.29131888522564 3.16212469896722e-28 -4.29131888522564 2.86902412430847
97100 -4.29110717434132 3.42790364513225e-28 -4.29110717434132 2.86154215654222
97200 -4.29059580263812 2.32206364408724e-28 -4.29059580263812 2.87771773968477
97300 -4.29070123215195 3.49467852372006e-28 -4.29070123215195 2.85827816848278
97400 -4.29134330752232 3.37118805847406e-28 -4.29134330752232 2.86785795876311
97500 -4.29124413988895 3.06763193390913e-28 -4.29124413988895 2.87084694074407
97600 -4.29110808461688 2.70635577485816e-28 -4.29110808461688 2.86155203602751
97700 -4.29101416462031 2.58253497320022e-28 -4.29101416462031 2.87402210441391
97800 -4.29132746645134 2.76274855419889e-28 -4.29132746645134 2.868704283692
97900 -4.29120865964887 2.32354077375963e-28 -4.29120865964887 2.86280251464848
98000 -4.29124340471944 2.04851735109372e-28 -4.29124340471944 2.87086086148492
98100 -4.29128703177172 3.71705644414516e-28 -4.29128703177172 2.86418121808568
98200 -4.29134557991916 3.43906743543666e-28 -4.29134557991916 2.86765609967721
98300 -4.29086426820056 2.28492188786817e-28 -4.29086426820056 2.87551321339296
98400 -4.29031930259842 3.67026132555216e-28 -4.29031930259842 2.85616683998941
98500 -4.29083109218666 2.70310857301792e-28 -4.29083109218666 2.87581221784261
98600 -4.29133694044624 5.107572574766e-28 -4.29133694044624 2.86574371655838
98700 -4.29128031227761 4.18740398463461e-28 -4.29128031227761 2.86403562490716
98800 -4.29104732153691 3.5643893171094e-28 -4.29104732153691 2.87365173818692
98900 -4.29119477042272 1.78304353944918e-28 -4.29119477042272 2.86260626114066
99000 -4.29133519395572 2.27860602796459e-28 -4.29133519395572 2.86835659757692
99100 -4.29115513227023 2.05137766942175e-28 -4.29115513227023 2.8722879836519
99200 -4.29007318020899 2.02511551709711e-28 -4.29007318020899 2.85503603445486
99300 -4.29053098601043 4.63556798649286e-28 -4.29053098601043 2.87819173327348
99400 -4.2913379332882 1.83074190323625e-28 -4.2913379332882 2.86579641270425
99500 -4.29132777108827 3.4964607635148e-28 -4.29132777108827 2.86533636087517
99600 -4.29116192366304 2.40285260045393e-28 -4.29116192366304 2.87219114299067
99700 -4.29095715522979 2.06684902940516e-28 -4.29095715522979 2.86012503455308
99800 -4.29110910841398 4.56086513744099e-28 -4.29110910841398 2.87290561742614
99900 -4.29120310530786 2.39062517963597e-28 -4.29120310530786 2.87156379914706
100000 -4.2912601136218 3.75361302083203e-28 -4.2912601136218 2.86363807371595
